  0.299994999999944       1.070396984634319E-002  9.005370615421240E-003
  0.299984999999833       1.070396984634319E-002  9.005370615421240E-003
  0.299974999999722       1.070396984634319E-002  9.005370615421240E-003
  0.299964999999611       1.070396984634319E-002  9.005370615421240E-003
  0.299954999999500       1.070396984634319E-002  9.005370615421240E-003
  0.299944999999389       1.070396984634319E-002  9.005370615421240E-003
  0.299934999999277       1.070396984634319E-002  9.005370615421240E-003
  0.299924999999166       1.070396984634319E-002  9.005370615421240E-003
  0.299914999999055       1.070396984634319E-002  9.005370615421240E-003
  0.299904999998944       1.070396984634319E-002  9.005370615421240E-003
  0.279251454227051       1.070396984634319E-002  9.005370615421240E-003
  0.239437592976174       1.070396984634319E-002  9.005370615421240E-003
  0.202526615016541       1.070396984634319E-002  9.005370615421240E-003
  0.168349783696613       1.070396984634319E-002  9.005370615421240E-003
  0.136704571001610       1.070396984634319E-002  9.005370615421240E-003
  0.107403449170670       1.070396984634319E-002  9.005370615421240E-003
  8.027278093286440E-002  1.070396984634319E-002  9.005370615421240E-003
  5.515179244466709E-002  1.070396984634319E-002  9.005370615421240E-003
  3.189161887057709E-002  1.070396984634319E-002  9.005370615421240E-003
  1.035442260690617E-002  1.070396984634319E-002  9.005370615421240E-003
