   1.05405800746338        1.00000000000000       0.300000011920929     
   33.0473899592803     
   1.05404898543339        1.00000000000000       0.300000011920929     
   33.0473904087996     
   1.05403996340340        1.00000000000000       0.300000011920929     
   33.0473908583189     
   1.05403094137341        1.00000000000000       0.300000011920929     
   33.0473913078383     
   1.05402191934342        1.00000000000000       0.300000011920929     
   33.0473917573577     
   1.05401289731343        1.00000000000000       0.300000011920929     
   33.0473922068770     
   1.05400387528344        1.00000000000000       0.300000011920929     
   33.0473926563964     
   1.05399485325345        1.00000000000000       0.300000011920929     
   33.0473931059159     
   1.05398583122346        1.00000000000000       0.300000011920929     
   33.0473935554353     
   1.05397680919347        1.00000000000000       0.300000011920929     
   33.0473940049547     
  0.988404515056995        1.00000000000000       0.300000011920929     
   33.0506614783388     
  0.862084054601016        1.00000000000000       0.300000011920929     
   33.0569580518688     
  0.745078904813584        1.00000000000000       0.300000011920929     
   33.0627926598354     
  0.636740810112686        1.00000000000000       0.300000011920929     
   33.0681971036447     
  0.536427760644597        1.00000000000000       0.300000011920929     
   33.0732029587132     
  0.443545310451234        1.00000000000000       0.300000011920929     
   33.0778395022407     
  0.357543045427556        1.00000000000000       0.300000011920929     
   33.0821338780532     
  0.277911320521930        1.00000000000000       0.300000011920929     
   33.0861112496818     
  0.204178244923441        1.00000000000000       0.300000011920929     
   33.0897949424985     
  0.135906879809433        1.00000000000000       0.300000011920929     
   33.0932065764702     
