   3.46635509780264        1.00000000000000       0.300000011920929     
   3.46634539519119        1.00000000000000       0.300000011920929     
   3.46633569257975        1.00000000000000       0.300000011920929     
   3.46632598996830        1.00000000000000       0.300000011920929     
   3.46631628735686        1.00000000000000       0.300000011920929     
   3.46630658474541        1.00000000000000       0.300000011920929     
   3.46629688213396        1.00000000000000       0.300000011920929     
   3.46628717952252        1.00000000000000       0.300000011920929     
   3.46627747691107        1.00000000000000       0.300000011920929     
   3.46626777429963        1.00000000000000       0.300000011920929     
   3.23426181951112        1.00000000000000       0.300000011920929     
   2.78739997305590        1.00000000000000       0.300000011920929     
   2.37359412090376        1.00000000000000       0.300000011920929     
   1.99044057869053        1.00000000000000       0.300000011920929     
   1.63566878452134        1.00000000000000       0.300000011920929     
   1.30717639318582        1.00000000000000       0.300000011920929     
   1.00301678457209        1.00000000000000       0.300000011920929     
  0.721387524297796        1.00000000000000       0.300000011920929     
  0.460619701383489        1.00000000000000       0.300000011920929     
  0.219168017676263        1.00000000000000       0.300000011920929     
