M6 pulsation (degrees/h):
  86.9523126419999954
Year  M D h m s  V0(deg)   u(deg)    f:
1950  1 1 0 0 0  214.185  358.641    0.896 
1951  1 1 0 0 0  156.444    0.813    0.896 
1952  1 1 0 0 0   98.703    2.889    0.904 
1953  1 1 0 0 0  327.819    4.638    0.924 
1954  1 1 0 0 0  270.078    5.847    0.956 
1955  1 1 0 0 0  212.334    6.390    0.991 
1956  1 1 0 0 0  154.593    6.210    1.027 
1957  1 1 0 0 0   23.709    5.334    1.064 
1958  1 1 0 0 0  325.968    3.864    1.093 
1959  1 1 0 0 0  268.227    1.971    1.112 
1960  1 1 0 0 0  210.486  359.859    1.118 
1961  1 1 0 0 0   79.599  357.756    1.109 
1962  1 1 0 0 0   21.858  355.908    1.090 
1963  1 1 0 0 0  324.117  354.510    1.058 
1964  1 1 0 0 0  266.376  353.724    1.024 
1965  1 1 0 0 0  135.489  353.643    0.985 
1966  1 1 0 0 0   77.748  354.279    0.950 
1967  1 1 0 0 0   20.007  355.569    0.921 
1968  1 1 0 0 0  322.266  357.369    0.901 
1969  1 1 0 0 0  191.379  359.481    0.893 
1970  1 1 0 0 0  133.638    1.644    0.896 
1971  1 1 0 0 0   75.897    3.618    0.910 
1972  1 1 0 0 0   18.156    5.175    0.935 
1973  1 1 0 0 0  247.269    6.141    0.967 
1974  1 1 0 0 0  189.528    6.405    1.006 
1975  1 1 0 0 0  131.787    5.949    1.043 
1976  1 1 0 0 0   74.046    4.830    1.077 
1977  1 1 0 0 0  303.162    3.168    1.102 
1978  1 1 0 0 0  245.421    1.164    1.115 
1979  1 1 0 0 0  187.677  359.031    1.115 
1980  1 1 0 0 0  129.936  357.003    1.102 
1981  1 1 0 0 0  359.052  355.302    1.080 
1982  1 1 0 0 0  301.311  354.126    1.046 
1983  1 1 0 0 0  243.570  353.607    1.009 
1984  1 1 0 0 0  185.826  353.805    0.970 
1985  1 1 0 0 0   54.942  354.708    0.938 
1986  1 1 0 0 0  357.201  356.217    0.913 
1987  1 1 0 0 0  299.460  358.164    0.899 
1988  1 1 0 0 0  241.719    0.321    0.893 
1989  1 1 0 0 0  110.832    2.445    0.901 
1990  1 1 0 0 0   53.091    4.284    0.918 
1991  1 1 0 0 0  355.350    5.628    0.947 
1992  1 1 0 0 0  297.609    6.330    0.982 
1993  1 1 0 0 0  166.722    6.312    1.018 
1994  1 1 0 0 0  108.981    5.589    1.055 
1995  1 1 0 0 0   51.240    4.242    1.086 
1996  1 1 0 0 0  353.499    2.427    1.109 
1997  1 1 0 0 0  222.612    0.339    1.118 
1998  1 1 0 0 0  164.871  358.218    1.112 
1999  1 1 0 0 0  107.130  356.295    1.096 
2000  1 1 0 0 0   49.389  354.780    1.067 
2001  1 1 0 0 0  278.505  353.841    1.030 
2002  1 1 0 0 0  220.761  353.595    0.994 
2003  1 1 0 0 0  163.020  354.075    0.959 
2004  1 1 0 0 0  105.279  355.227    0.927 
2005  1 1 0 0 0  334.395  356.934    0.907 
2006  1 1 0 0 0  276.654  358.989    0.896 
2007  1 1 0 0 0  218.910    1.161    0.896 
2008  1 1 0 0 0  161.169    3.201    0.907 
2009  1 1 0 0 0   30.285    4.872    0.930 
2010  1 1 0 0 0  332.544    5.982    0.959 
2011  1 1 0 0 0  274.803    6.411    0.997 
2012  1 1 0 0 0  217.062    6.114    1.033 
2013  1 1 0 0 0   86.175    5.133    1.067 
2014  1 1 0 0 0   28.434    3.582    1.096 
2015  1 1 0 0 0  330.693    1.638    1.115 
2016  1 1 0 0 0  272.952  359.514    1.118 
2017  1 1 0 0 0  142.065  357.435    1.109 
2018  1 1 0 0 0   84.324  355.647    1.086 
2019  1 1 0 0 0   26.583  354.339    1.055 
2020  1 1 0 0 0  328.842  353.661    1.018 
2021  1 1 0 0 0  197.955  353.697    0.979 
2022  1 1 0 0 0  140.214  354.447    0.944 
2023  1 1 0 0 0   82.473  355.830    0.918 
2024  1 1 0 0 0   24.732  357.696    0.901 
2025  1 1 0 0 0  253.845  359.832    0.893 
2026  1 1 0 0 0  196.104    1.983    0.899 
2027  1 1 0 0 0  138.363    3.903    0.915 
2028  1 1 0 0 0   80.622    5.376    0.941 
2029  1 1 0 0 0  309.738    6.234    0.973 
2030  1 1 0 0 0  251.997    6.381    1.012 
2031  1 1 0 0 0  194.253    5.811    1.049 
2032  1 1 0 0 0  136.512    4.593    1.080 
2033  1 1 0 0 0    5.628    2.865    1.106 
2034  1 1 0 0 0  307.887    0.822    1.118 
2035  1 1 0 0 0  250.146  358.689    1.115 
2036  1 1 0 0 0  192.402  356.703    1.099 
2037  1 1 0 0 0   61.518  355.074    1.074 
2038  1 1 0 0 0    3.777  353.997    1.040 
2039  1 1 0 0 0  306.036  353.589    1.003 
2040  1 1 0 0 0  248.295  353.904    0.964 
2041  1 1 0 0 0  117.408  354.915    0.933 
2042  1 1 0 0 0   59.667  356.508    0.910 
2043  1 1 0 0 0    1.926  358.503    0.896 
2044  1 1 0 0 0  304.185    0.672    0.893 
2045  1 1 0 0 0  173.298    2.769    0.904 
2046  1 1 0 0 0  115.557    4.539    0.924 
2047  1 1 0 0 0   57.816    5.787    0.953 
2048  1 1 0 0 0    0.075    6.375    0.988 
2049  1 1 0 0 0  229.188    6.243    1.024 
2050  1 1 0 0 0  171.447    5.409    1.061 
2051  1 1 0 0 0  113.706    3.975    1.093 
2052  1 1 0 0 0   55.965    2.103    1.112 
2053  1 1 0 0 0  285.081  359.991    1.118 
2054  1 1 0 0 0  227.337  357.888    1.112 
2055  1 1 0 0 0  169.596  356.016    1.090 
2056  1 1 0 0 0  111.855  354.585    1.061 
2057  1 1 0 0 0  340.971  353.754    1.024 
2058  1 1 0 0 0  283.230  353.625    0.988 
2059  1 1 0 0 0  225.486  354.216    0.953 
2060  1 1 0 0 0  167.745  355.470    0.924 
2061  1 1 0 0 0   36.861  357.246    0.904 
2062  1 1 0 0 0  339.120  359.337    0.893 
2063  1 1 0 0 0  281.379    1.506    0.896 
2064  1 1 0 0 0  223.638    3.501    0.910 
2065  1 1 0 0 0   92.751    5.094    0.933 
2066  1 1 0 0 0   35.010    6.099    0.964 
2067  1 1 0 0 0  337.269    6.411    1.003 
2068  1 1 0 0 0  279.528    6.000    1.040 
2069  1 1 0 0 0  148.641    4.917    1.074 
2070  1 1 0 0 0   90.900    3.291    1.099 
2071  1 1 0 0 0   33.159    1.302    1.115 
2072  1 1 0 0 0  335.418  359.169    1.118 
2073  1 1 0 0 0  204.531  357.123    1.106 
2074  1 1 0 0 0  146.790  355.398    1.080 
2075  1 1 0 0 0   89.049  354.186    1.049 
2076  1 1 0 0 0   31.308  353.619    1.012 
2077  1 1 0 0 0  260.421  353.772    0.973 
2078  1 1 0 0 0  202.680  354.630    0.941 
2079  1 1 0 0 0  144.939  356.103    0.915 
2080  1 1 0 0 0   87.198  358.026    0.899 
2081  1 1 0 0 0  316.314    0.183    0.893 
2082  1 1 0 0 0  258.573    2.313    0.901 
2083  1 1 0 0 0  200.829    4.176    0.918 
2084  1 1 0 0 0  143.088    5.559    0.944 
2085  1 1 0 0 0   12.204    6.306    0.979 
2086  1 1 0 0 0  314.463    6.336    1.018 
2087  1 1 0 0 0  256.722    5.655    1.055 
2088  1 1 0 0 0  198.978    4.347    1.086 
2089  1 1 0 0 0   68.094    2.550    1.109 
2090  1 1 0 0 0   10.353    0.477    1.118 
2091  1 1 0 0 0  312.612  358.353    1.115 
2092  1 1 0 0 0  254.871  356.409    1.096 
2093  1 1 0 0 0  123.984  354.858    1.067 
2094  1 1 0 0 0   66.243  353.883    1.033 
2095  1 1 0 0 0    8.502  353.589    0.997 
2096  1 1 0 0 0  310.761  354.021    0.959 
2097  1 1 0 0 0  179.874  355.137    0.930 
2098  1 1 0 0 0  122.133  356.808    0.907 
2099  1 1 0 0 0   64.392  358.848    0.896 
2100  1 1 0 0 0    6.651    1.020    0.896 
