 O1 pulsation (degrees/h):
  13.9430355749999997
Year  M D h m s  V0(deg)   u(deg)    f:
1950  1 1 0 0 0   61.314    1.807    1.180 
1951  1 1 0 0 0  162.306  358.921    1.182 
1952  1 1 0 0 0  263.298  356.089    1.168 
1953  1 1 0 0 0  338.922  353.462    1.139 
1954  1 1 0 0 0   79.914  351.244    1.095 
1955  1 1 0 0 0  180.905  349.673    1.040 
1956  1 1 0 0 0  281.897  349.056    0.978 
1957  1 1 0 0 0  357.521  349.730    0.914 
1958  1 1 0 0 0   98.513  351.948    0.857 
1959  1 1 0 0 0  199.505  355.665    0.818 
1960  1 1 0 0 0  300.496    0.317    0.806 
1961  1 1 0 0 0   16.121    4.909    0.822 
1962  1 1 0 0 0  117.112    8.444    0.864 
1963  1 1 0 0 0  218.104   10.447    0.922 
1964  1 1 0 0 0  319.096   10.930    0.986 
1965  1 1 0 0 0   34.720   10.163    1.048 
1966  1 1 0 0 0  135.712    8.489    1.102 
1967  1 1 0 0 0  236.704    6.204    1.143 
1968  1 1 0 0 0  337.695    3.545    1.171 
1969  1 1 0 0 0   53.320    0.690    1.182 
1970  1 1 0 0 0  154.311  357.808    1.178 
1971  1 1 0 0 0  255.303  355.038    1.158 
1972  1 1 0 0 0  356.295  352.548    1.124 
1973  1 1 0 0 0   71.919  350.542    1.075 
1974  1 1 0 0 0  172.911  349.302    1.017 
1975  1 1 0 0 0  273.902  349.145    0.953 
1976  1 1 0 0 0   14.894  350.395    0.890 
1977  1 1 0 0 0   90.518  353.231    0.840 
1978  1 1 0 0 0  191.510  357.408    0.810 
1979  1 1 0 0 0  292.502    2.164    0.809 
1980  1 1 0 0 0   33.493    6.434    0.836 
1981  1 1 0 0 0  109.118    9.412    0.885 
1982  1 1 0 0 0  210.109   10.803    0.947 
1983  1 1 0 0 0  311.101   10.763    1.011 
1984  1 1 0 0 0   52.093    9.608    1.070 
1985  1 1 0 0 0  127.717    7.660    1.120 
1986  1 1 0 0 0  228.709    5.205    1.156 
1987  1 1 0 0 0  329.701    2.454    1.177 
1988  1 1 0 0 0   70.692  359.575    1.183 
1989  1 1 0 0 0  146.317  356.711    1.172 
1990  1 1 0 0 0  247.308  354.028    1.147 
1991  1 1 0 0 0  348.300  351.700    1.106 
1992  1 1 0 0 0   89.292  349.958    1.054 
1993  1 1 0 0 0  164.916  349.094    0.992 
1994  1 1 0 0 0  265.908  349.448    0.928 
1995  1 1 0 0 0    6.899  351.305    0.869 
1996  1 1 0 0 0  107.891  354.711    0.825 
1997  1 1 0 0 0  183.515  359.242    0.806 
1998  1 1 0 0 0  284.507    3.934    0.816 
1999  1 1 0 0 0   25.499    7.769    0.853 
2000  1 1 0 0 0  126.490   10.133    0.908 
2001  1 1 0 0 0  202.115   10.942    0.972 
2002  1 1 0 0 0  303.106   10.428    1.035 
2003  1 1 0 0 0   44.098    8.932    1.091 
2004  1 1 0 0 0  145.090    6.762    1.135 
2005  1 1 0 0 0  220.714    4.163    1.166 
2006  1 1 0 0 0  321.706    1.344    1.181 
2007  1 1 0 0 0   62.697  358.456    1.181 
2008  1 1 0 0 0  163.689  355.648    1.164 
2009  1 1 0 0 0  239.314  353.071    1.133 
2010  1 1 0 0 0  340.305  350.939    1.087 
2011  1 1 0 0 0   81.297  349.500    1.031 
2012  1 1 0 0 0  182.289  349.068    0.967 
2013  1 1 0 0 0  257.913  349.980    0.904 
2014  1 1 0 0 0  358.905  352.454    0.849 
2015  1 1 0 0 0   99.896  356.375    0.814 
2016  1 1 0 0 0  200.888    1.090    0.806 
2017  1 1 0 0 0  276.512    5.570    0.828 
2018  1 1 0 0 0   17.504    8.876    0.873 
2019  1 1 0 0 0  118.496   10.623    0.932 
2020  1 1 0 0 0  219.487   10.882    0.997 
2021  1 1 0 0 0  295.112    9.946    1.058 
2022  1 1 0 0 0   36.103    8.154    1.110 
2023  1 1 0 0 0  137.095    5.795    1.149 
2024  1 1 0 0 0  238.087    3.094    1.174 
2025  1 1 0 0 0  313.711    0.223    1.183 
2026  1 1 0 0 0   54.703  357.349    1.176 
2027  1 1 0 0 0  155.694  354.612    1.154 
2028  1 1 0 0 0  256.686  352.185    1.117 
2029  1 1 0 0 0  332.311  350.283    1.066 
2030  1 1 0 0 0   73.302  349.194    1.007 
2031  1 1 0 0 0  174.294  349.244    0.942 
2032  1 1 0 0 0  275.286  350.744    0.881 
2033  1 1 0 0 0  350.910  353.827    0.833 
2034  1 1 0 0 0   91.902  358.164    0.808 
2035  1 1 0 0 0  192.893    2.913    0.811 
2036  1 1 0 0 0  293.885    7.016    0.842 
2037  1 1 0 0 0    9.509    9.743    0.894 
2038  1 1 0 0 0  110.501   10.886    0.957 
2039  1 1 0 0 0  211.493   10.643    1.021 
2040  1 1 0 0 0  312.484    9.340    1.079 
2041  1 1 0 0 0   28.109    7.292    1.126 
2042  1 1 0 0 0  129.100    4.776    1.160 
2043  1 1 0 0 0  230.092    1.994    1.179 
2044  1 1 0 0 0  331.084  359.109    1.182 
2045  1 1 0 0 0   46.708  356.262    1.169 
2046  1 1 0 0 0  147.700  353.623    1.141 
2047  1 1 0 0 0  248.691  351.372    1.099 
2048  1 1 0 0 0  349.683  349.750    1.044 
2049  1 1 0 0 0   65.308  349.060    0.982 
2050  1 1 0 0 0  166.299  349.641    0.918 
2051  1 1 0 0 0  267.291  351.755    0.860 
2052  1 1 0 0 0    8.282  355.385    0.820 
2053  1 1 0 0 0   83.907    0.017    0.806 
2054  1 1 0 0 0  184.899    4.634    0.820 
2055  1 1 0 0 0  285.890    8.258    0.861 
2056  1 1 0 0 0   26.882   10.365    0.918 
2057  1 1 0 0 0  102.506   10.939    0.982 
2058  1 1 0 0 0  203.498   10.244    1.044 
2059  1 1 0 0 0  304.490    8.620    1.099 
2060  1 1 0 0 0   45.481    6.366    1.141 
2061  1 1 0 0 0  121.106    3.719    1.169 
2062  1 1 0 0 0  222.097    0.878    1.182 
2063  1 1 0 0 0  323.089  357.994    1.179 
2064  1 1 0 0 0   64.081  355.212    1.160 
2065  1 1 0 0 0  139.705  352.691    1.126 
2066  1 1 0 0 0  240.697  350.653    1.079 
2067  1 1 0 0 0  341.688  349.354    1.021 
2068  1 1 0 0 0   82.680  349.116    0.957 
2069  1 1 0 0 0  158.305  350.271    0.894 
2070  1 1 0 0 0  259.296  353.000    0.842 
2071  1 1 0 0 0    0.288  357.107    0.811 
2072  1 1 0 0 0  101.279    1.857    0.808 
2073  1 1 0 0 0  176.904    6.200    0.833 
2074  1 1 0 0 0  277.896    9.266    0.881 
2075  1 1 0 0 0   18.887   10.759    0.942 
2076  1 1 0 0 0  119.879   10.803    1.007 
2077  1 1 0 0 0  195.503    9.706    1.067 
2078  1 1 0 0 0  296.495    7.805    1.117 
2079  1 1 0 0 0   37.487    5.377    1.154 
2080  1 1 0 0 0  138.478    2.639    1.176 
2081  1 1 0 0 0  214.103  359.756    1.183 
2082  1 1 0 0 0  315.094  356.894    1.173 
2083  1 1 0 0 0   56.086  354.194    1.149 
2084  1 1 0 0 0  157.078  351.836    1.109 
2085  1 1 0 0 0  232.702  350.044    1.057 
2086  1 1 0 0 0  333.694  349.116    0.996 
2087  1 1 0 0 0   74.685  349.382    0.932 
2088  1 1 0 0 0  175.677  351.135    0.872 
2089  1 1 0 0 0  251.302  354.458    0.827 
2090  1 1 0 0 0  352.293  358.930    0.806 
2091  1 1 0 0 0   93.285    3.644    0.815 
2092  1 1 0 0 0  194.276    7.560    0.850 
2093  1 1 0 0 0  269.901   10.032    0.904 
2094  1 1 0 0 0   10.893   10.933    0.968 
2095  1 1 0 0 0  111.884   10.495    1.031 
2096  1 1 0 0 0  212.876    9.053    1.087 
2097  1 1 0 0 0  288.500    6.912    1.133 
2098  1 1 0 0 0   29.492    4.341    1.164 
2099  1 1 0 0 0  130.484    1.531    1.181 
2100  1 1 0 0 0  231.475  358.644    1.181 
