 P1 pulsation (degrees/h):
  14.9589313609999994
Year  M D h m s  V0(deg)   u(deg)    f:
1950  1 1 0 0 0  349.919    0.000    1.000 
1951  1 1 0 0 0  350.158    0.000    1.000 
1952  1 1 0 0 0  350.396    0.000    1.000 
1953  1 1 0 0 0  349.649    0.000    1.000 
1954  1 1 0 0 0  349.888    0.000    1.000 
1955  1 1 0 0 0  350.127    0.000    1.000 
1956  1 1 0 0 0  350.366    0.000    1.000 
1957  1 1 0 0 0  349.619    0.000    1.000 
1958  1 1 0 0 0  349.857    0.000    1.000 
1959  1 1 0 0 0  350.096    0.000    1.000 
1960  1 1 0 0 0  350.335    0.000    1.000 
1961  1 1 0 0 0  349.588    0.000    1.000 
1962  1 1 0 0 0  349.827    0.000    1.000 
1963  1 1 0 0 0  350.065    0.000    1.000 
1964  1 1 0 0 0  350.304    0.000    1.000 
1965  1 1 0 0 0  349.557    0.000    1.000 
1966  1 1 0 0 0  349.796    0.000    1.000 
1967  1 1 0 0 0  350.035    0.000    1.000 
1968  1 1 0 0 0  350.273    0.000    1.000 
1969  1 1 0 0 0  349.526    0.000    1.000 
1970  1 1 0 0 0  349.765    0.000    1.000 
1971  1 1 0 0 0  350.004    0.000    1.000 
1972  1 1 0 0 0  350.243    0.000    1.000 
1973  1 1 0 0 0  349.496    0.000    1.000 
1974  1 1 0 0 0  349.734    0.000    1.000 
1975  1 1 0 0 0  349.973    0.000    1.000 
1976  1 1 0 0 0  350.212    0.000    1.000 
1977  1 1 0 0 0  349.465    0.000    1.000 
1978  1 1 0 0 0  349.704    0.000    1.000 
1979  1 1 0 0 0  349.942    0.000    1.000 
1980  1 1 0 0 0  350.181    0.000    1.000 
1981  1 1 0 0 0  349.434    0.000    1.000 
1982  1 1 0 0 0  349.673    0.000    1.000 
1983  1 1 0 0 0  349.912    0.000    1.000 
1984  1 1 0 0 0  350.150    0.000    1.000 
1985  1 1 0 0 0  349.403    0.000    1.000 
1986  1 1 0 0 0  349.642    0.000    1.000 
1987  1 1 0 0 0  349.881    0.000    1.000 
1988  1 1 0 0 0  350.119    0.000    1.000 
1989  1 1 0 0 0  349.373    0.000    1.000 
1990  1 1 0 0 0  349.611    0.000    1.000 
1991  1 1 0 0 0  349.850    0.000    1.000 
1992  1 1 0 0 0  350.089    0.000    1.000 
1993  1 1 0 0 0  349.342    0.000    1.000 
1994  1 1 0 0 0  349.581    0.000    1.000 
1995  1 1 0 0 0  349.819    0.000    1.000 
1996  1 1 0 0 0  350.058    0.000    1.000 
1997  1 1 0 0 0  349.311    0.000    1.000 
1998  1 1 0 0 0  349.550    0.000    1.000 
1999  1 1 0 0 0  349.789    0.000    1.000 
2000  1 1 0 0 0  350.027    0.000    1.000 
2001  1 1 0 0 0  349.280    0.000    1.000 
2002  1 1 0 0 0  349.519    0.000    1.000 
2003  1 1 0 0 0  349.758    0.000    1.000 
2004  1 1 0 0 0  349.996    0.000    1.000 
2005  1 1 0 0 0  349.250    0.000    1.000 
2006  1 1 0 0 0  349.488    0.000    1.000 
2007  1 1 0 0 0  349.727    0.000    1.000 
2008  1 1 0 0 0  349.966    0.000    1.000 
2009  1 1 0 0 0  349.219    0.000    1.000 
2010  1 1 0 0 0  349.458    0.000    1.000 
2011  1 1 0 0 0  349.696    0.000    1.000 
2012  1 1 0 0 0  349.935    0.000    1.000 
2013  1 1 0 0 0  349.188    0.000    1.000 
2014  1 1 0 0 0  349.427    0.000    1.000 
2015  1 1 0 0 0  349.665    0.000    1.000 
2016  1 1 0 0 0  349.904    0.000    1.000 
2017  1 1 0 0 0  349.157    0.000    1.000 
2018  1 1 0 0 0  349.396    0.000    1.000 
2019  1 1 0 0 0  349.635    0.000    1.000 
2020  1 1 0 0 0  349.873    0.000    1.000 
2021  1 1 0 0 0  349.127    0.000    1.000 
2022  1 1 0 0 0  349.365    0.000    1.000 
2023  1 1 0 0 0  349.604    0.000    1.000 
2024  1 1 0 0 0  349.843    0.000    1.000 
2025  1 1 0 0 0  349.096    0.000    1.000 
2026  1 1 0 0 0  349.334    0.000    1.000 
2027  1 1 0 0 0  349.573    0.000    1.000 
2028  1 1 0 0 0  349.812    0.000    1.000 
2029  1 1 0 0 0  349.065    0.000    1.000 
2030  1 1 0 0 0  349.304    0.000    1.000 
2031  1 1 0 0 0  349.542    0.000    1.000 
2032  1 1 0 0 0  349.781    0.000    1.000 
2033  1 1 0 0 0  349.034    0.000    1.000 
2034  1 1 0 0 0  349.273    0.000    1.000 
2035  1 1 0 0 0  349.512    0.000    1.000 
2036  1 1 0 0 0  349.750    0.000    1.000 
2037  1 1 0 0 0  349.003    0.000    1.000 
2038  1 1 0 0 0  349.242    0.000    1.000 
2039  1 1 0 0 0  349.481    0.000    1.000 
2040  1 1 0 0 0  349.720    0.000    1.000 
2041  1 1 0 0 0  348.973    0.000    1.000 
2042  1 1 0 0 0  349.211    0.000    1.000 
2043  1 1 0 0 0  349.450    0.000    1.000 
2044  1 1 0 0 0  349.689    0.000    1.000 
2045  1 1 0 0 0  348.942    0.000    1.000 
2046  1 1 0 0 0  349.181    0.000    1.000 
2047  1 1 0 0 0  349.419    0.000    1.000 
2048  1 1 0 0 0  349.658    0.000    1.000 
2049  1 1 0 0 0  348.911    0.000    1.000 
2050  1 1 0 0 0  349.150    0.000    1.000 
2051  1 1 0 0 0  349.389    0.000    1.000 
2052  1 1 0 0 0  349.627    0.000    1.000 
2053  1 1 0 0 0  348.880    0.000    1.000 
2054  1 1 0 0 0  349.119    0.000    1.000 
2055  1 1 0 0 0  349.358    0.000    1.000 
2056  1 1 0 0 0  349.597    0.000    1.000 
2057  1 1 0 0 0  348.850    0.000    1.000 
2058  1 1 0 0 0  349.088    0.000    1.000 
2059  1 1 0 0 0  349.327    0.000    1.000 
2060  1 1 0 0 0  349.566    0.000    1.000 
2061  1 1 0 0 0  348.819    0.000    1.000 
2062  1 1 0 0 0  349.058    0.000    1.000 
2063  1 1 0 0 0  349.296    0.000    1.000 
2064  1 1 0 0 0  349.535    0.000    1.000 
2065  1 1 0 0 0  348.788    0.000    1.000 
2066  1 1 0 0 0  349.027    0.000    1.000 
2067  1 1 0 0 0  349.266    0.000    1.000 
2068  1 1 0 0 0  349.504    0.000    1.000 
2069  1 1 0 0 0  348.757    0.000    1.000 
2070  1 1 0 0 0  348.996    0.000    1.000 
2071  1 1 0 0 0  349.235    0.000    1.000 
2072  1 1 0 0 0  349.474    0.000    1.000 
2073  1 1 0 0 0  348.727    0.000    1.000 
2074  1 1 0 0 0  348.965    0.000    1.000 
2075  1 1 0 0 0  349.204    0.000    1.000 
2076  1 1 0 0 0  349.443    0.000    1.000 
2077  1 1 0 0 0  348.696    0.000    1.000 
2078  1 1 0 0 0  348.935    0.000    1.000 
2079  1 1 0 0 0  349.173    0.000    1.000 
2080  1 1 0 0 0  349.412    0.000    1.000 
2081  1 1 0 0 0  348.665    0.000    1.000 
2082  1 1 0 0 0  348.904    0.000    1.000 
2083  1 1 0 0 0  349.143    0.000    1.000 
2084  1 1 0 0 0  349.381    0.000    1.000 
2085  1 1 0 0 0  348.634    0.000    1.000 
2086  1 1 0 0 0  348.873    0.000    1.000 
2087  1 1 0 0 0  349.112    0.000    1.000 
2088  1 1 0 0 0  349.351    0.000    1.000 
2089  1 1 0 0 0  348.604    0.000    1.000 
2090  1 1 0 0 0  348.842    0.000    1.000 
2091  1 1 0 0 0  349.081    0.000    1.000 
2092  1 1 0 0 0  349.320    0.000    1.000 
2093  1 1 0 0 0  348.573    0.000    1.000 
2094  1 1 0 0 0  348.812    0.000    1.000 
2095  1 1 0 0 0  349.050    0.000    1.000 
2096  1 1 0 0 0  349.289    0.000    1.000 
2097  1 1 0 0 0  348.542    0.000    1.000 
2098  1 1 0 0 0  348.781    0.000    1.000 
2099  1 1 0 0 0  349.020    0.000    1.000 
2100  1 1 0 0 0  349.258    0.000    1.000 
