2MK3 degrees/h:
   42.92714    
Year M D h m s  V0+u(deg)     f
1950 1 1 0 0 0  133.413  0.   1.0323
1951 1 1 0 0 0  334.033  0.   1.0324
1952 1 1 0 0 0  174.659  0.   1.0322
1953 1 1 0 0 0  325.569  0.   1.0309
1954 1 1 0 0 0  166.339  0.   1.0269
1955 1 1 0 0 0    7.336  0.   1.0183
1956 1 1 0 0 0  208.732  0.   1.0045
1957 1 1 0 0 0    0.964  0.   0.9866
1958 1 1 0 0 0  203.658  0.   0.9682
1959 1 1 0 0 0   47.024  0.   0.9543
1960 1 1 0 0 0  250.797  0.   0.9496
1961 1 1 0 0 0   44.796  0.   0.9558
1962 1 1 0 0 0  248.080  0.   0.9706
1963 1 1 0 0 0   90.673  0.   0.9892
1964 1 1 0 0 0  292.566  0.   1.0067
1965 1 1 0 0 0   84.145  0.   1.0198
1966 1 1 0 0 0  285.102  0.   1.0277
1967 1 1 0 0 0  125.852  0.   1.0312
1968 1 1 0 0 0  326.508  0.   1.0322
1969 1 1 0 0 0  117.379  0.   1.0324
1970 1 1 0 0 0  317.999  0.   1.0323
1971 1 1 0 0 0  158.635  0.   1.0319
1972 1 1 0 0 0  359.329  0.   1.0298
1973 1 1 0 0 0  150.417  0.   1.0242
1974 1 1 0 0 0  351.547  0.   1.0136
1975 1 1 0 0 0  193.149  0.   0.9980
1976 1 1 0 0 0   35.397  0.   0.9793
1977 1 1 0 0 0  188.621  0.   0.9620
1978 1 1 0 0 0   32.188  0.   0.9512
1979 1 1 0 0 0  236.004  0.   0.9508
1980 1 1 0 0 0   79.611  0.   0.9607
1981 1 1 0 0 0  232.897  0.   0.9777
1982 1 1 0 0 0   75.208  0.   0.9964
1983 1 1 0 0 0  276.862  0.   1.0124
1984 1 1 0 0 0  118.026  0.   1.0234
1985 1 1 0 0 0  269.137  0.   1.0295
1986 1 1 0 0 0  109.840  0.   1.0318
1987 1 1 0 0 0  310.479  0.   1.0323
1988 1 1 0 0 0  151.095  0.   1.0324
1989 1 1 0 0 0  301.965  0.   1.0323
1990 1 1 0 0 0  142.617  0.   1.0314
1991 1 1 0 0 0  343.354  0.   1.0281
1992 1 1 0 0 0  184.287  0.   1.0207
1993 1 1 0 0 0  335.829  0.   1.0081
1994 1 1 0 0 0  177.664  0.   0.9909
1995 1 1 0 0 0   20.192  0.   0.9722
1996 1 1 0 0 0  223.421  0.   0.9568
1997 1 1 0 0 0   17.392  0.   0.9497
1998 1 1 0 0 0  221.180  0.   0.9535
1999 1 1 0 0 0   64.597  0.   0.9667
2000 1 1 0 0 0  267.355  0.   0.9849
2001 1 1 0 0 0   59.647  0.   1.0031
2002 1 1 0 0 0  261.088  0.   1.0173
2003 1 1 0 0 0  102.113  0.   1.0263
2004 1 1 0 0 0  302.898  0.   1.0307
2005 1 1 0 0 0   93.815  0.   1.0321
2006 1 1 0 0 0  294.443  0.   1.0324
2007 1 1 0 0 0  135.063  0.   1.0323
2008 1 1 0 0 0  335.692  0.   1.0321
2009 1 1 0 0 0  126.615  0.   1.0305
2010 1 1 0 0 0  327.412  0.   1.0258
2011 1 1 0 0 0  168.461  0.   1.0165
2012 1 1 0 0 0    9.939  0.   1.0019
2013 1 1 0 0 0  162.281  0.   0.9836
2014 1 1 0 0 0    5.091  0.   0.9655
2015 1 1 0 0 0  208.547  0.   0.9529
2016 1 1 0 0 0   52.346  0.   0.9499
2017 1 1 0 0 0  206.298  0.   0.9577
2018 1 1 0 0 0   49.480  0.   0.9735
2019 1 1 0 0 0  251.956  0.   0.9922
2020 1 1 0 0 0   93.742  0.   1.0092
2021 1 1 0 0 0  245.248  0.   1.0214
2022 1 1 0 0 0   86.165  0.   1.0285
2023 1 1 0 0 0  286.893  0.   1.0315
2024 1 1 0 0 0  127.541  0.   1.0323
2025 1 1 0 0 0  278.407  0.   1.0324
2026 1 1 0 0 0  119.027  0.   1.0323
2027 1 1 0 0 0  319.669  0.   1.0317
2028 1 1 0 0 0  160.380  0.   1.0292
2029 1 1 0 0 0  311.507  0.   1.0228
2030 1 1 0 0 0  152.700  0.   1.0114
2031 1 1 0 0 0  354.396  0.   0.9951
2032 1 1 0 0 0  196.760  0.   0.9763
2033 1 1 0 0 0  350.098  0.   0.9597
2034 1 1 0 0 0  193.735  0.   0.9504
2035 1 1 0 0 0   37.548  0.   0.9517
2036 1 1 0 0 0  241.082  0.   0.9631
2037 1 1 0 0 0   34.251  0.   0.9807
2038 1 1 0 0 0  236.448  0.   0.9992
2039 1 1 0 0 0   78.009  0.   1.0145
2040 1 1 0 0 0  279.112  0.   1.0247
2041 1 1 0 0 0   70.189  0.   1.0301
2042 1 1 0 0 0  270.877  0.   1.0320
2043 1 1 0 0 0  111.511  0.   1.0323
2044 1 1 0 0 0  312.131  0.   1.0324
2045 1 1 0 0 0  102.999  0.   1.0322
2046 1 1 0 0 0  303.659  0.   1.0311
2047 1 1 0 0 0  144.420  0.   1.0273
2048 1 1 0 0 0  345.397  0.   1.0191
2049 1 1 0 0 0  137.007  0.   1.0056
2050 1 1 0 0 0  338.947  0.   0.9879
2051 1 1 0 0 0  181.593  0.   0.9693
2052 1 1 0 0 0   24.921  0.   0.9550
2053 1 1 0 0 0  178.938  0.   0.9496
2054 1 1 0 0 0   22.695  0.   0.9551
2055 1 1 0 0 0  226.018  0.   0.9695
2056 1 1 0 0 0   68.659  0.   0.9880
2057 1 1 0 0 0  220.847  0.   1.0057
2058 1 1 0 0 0   62.208  0.   1.0191
2059 1 1 0 0 0  263.184  0.   1.0273
2060 1 1 0 0 0  103.943  0.   1.0311
2061 1 1 0 0 0  254.846  0.   1.0322
2062 1 1 0 0 0   95.471  0.   1.0324
2063 1 1 0 0 0  296.091  0.   1.0323
2064 1 1 0 0 0  136.725  0.   1.0320
2065 1 1 0 0 0  287.664  0.   1.0300
2066 1 1 0 0 0  128.492  0.   1.0247
2067 1 1 0 0 0  329.597  0.   1.0145
2068 1 1 0 0 0  171.162  0.   0.9991
2069 1 1 0 0 0  323.621  0.   0.9805
2070 1 1 0 0 0  166.546  0.   0.9630
2071 1 1 0 0 0   10.084  0.   0.9517
2072 1 1 0 0 0  213.897  0.   0.9504
2073 1 1 0 0 0    7.782  0.   0.9598
2074 1 1 0 0 0  210.857  0.   0.9765
2075 1 1 0 0 0   53.216  0.   0.9952
2076 1 1 0 0 0  254.899  0.   1.0115
2077 1 1 0 0 0   46.341  0.   1.0229
2078 1 1 0 0 0  247.215  0.   1.0292
2079 1 1 0 0 0   87.925  0.   1.0317
2080 1 1 0 0 0  288.566  0.   1.0323
2081 1 1 0 0 0   79.438  0.   1.0324
2082 1 1 0 0 0  280.061  0.   1.0323
2083 1 1 0 0 0  120.709  0.   1.0315
2084 1 1 0 0 0  321.438  0.   1.0285
2085 1 1 0 0 0  112.605  0.   1.0213
2086 1 1 0 0 0  313.859  0.   1.0091
2087 1 1 0 0 0  155.661  0.   0.9921
2088 1 1 0 0 0  358.134  0.   0.9734
2089 1 1 0 0 0  151.579  0.   0.9576
2090 1 1 0 0 0  355.274  0.   0.9499
2091 1 1 0 0 0  199.072  0.   0.9529
2092 1 1 0 0 0   42.525  0.   0.9656
2093 1 1 0 0 0  195.585  0.   0.9838
2094 1 1 0 0 0   37.670  0.   1.0020
2095 1 1 0 0 0  239.145  0.   1.0166
2096 1 1 0 0 0   80.192  0.   1.0259
2097 1 1 0 0 0  231.238  0.   1.0305
2098 1 1 0 0 0   71.913  0.   1.0321
2099 1 1 0 0 0  272.543  0.   1.0323
2100 1 1 0 0 0  113.163  0.   1.0324
2101 1 1 0 0 0  264.034  0.   1.0321
2102 1 1 0 0 0  104.705  0.   1.0307
2103 1 1 0 0 0  305.491  0.   1.0263
2104 1 1 0 0 0  146.518  0.   1.0172
2105 1 1 0 0 0  298.216  0.   1.0029
2106 1 1 0 0 0  140.264  0.   0.9848
2107 1 1 0 0 0  343.026  0.   0.9666
2108 1 1 0 0 0  186.447  0.   0.9534
2109 1 1 0 0 0  340.489  0.   0.9497
2110 1 1 0 0 0  184.201  0.   0.9569
2111 1 1 0 0 0   27.426  0.   0.9723
2112 1 1 0 0 0  229.949  0.   0.9910
2113 1 1 0 0 0   22.025  0.   1.0082
2114 1 1 0 0 0  223.311  0.   1.0208
2115 1 1 0 0 0   64.241  0.   1.0282
2116 1 1 0 0 0  264.978  0.   1.0314
2117 1 1 0 0 0   55.880  0.   1.0323
2118 1 1 0 0 0  256.503  0.   1.0324
2119 1 1 0 0 0   97.123  0.   1.0323
2120 1 1 0 0 0  297.762  0.   1.0318
2121 1 1 0 0 0   88.717  0.   1.0294
2122 1 1 0 0 0  289.579  0.   1.0234
2123 1 1 0 0 0  130.745  0.   1.0123
2124 1 1 0 0 0  332.403  0.   0.9962
2125 1 1 0 0 0  124.968  0.   0.9775
2126 1 1 0 0 0  328.006  0.   0.9606
2127 1 1 0 0 0  171.616  0.   0.9507
2128 1 1 0 0 0   15.432  0.   0.9513
2129 1 1 0 0 0  169.255  0.   0.9621
2130 1 1 0 0 0   12.219  0.   0.9795
2131 1 1 0 0 0  214.462  0.   0.9981
2132 1 1 0 0 0   56.060  0.   1.0137
2133 1 1 0 0 0  207.439  0.   1.0243
2134 1 1 0 0 0   48.277  0.   1.0298
2135 1 1 0 0 0  248.971  0.   1.0319
2136 1 1 0 0 0   89.607  0.   1.0323
2137 1 1 0 0 0  240.470  0.   1.0324
2138 1 1 0 0 0   81.094  0.   1.0322
2139 1 1 0 0 0  281.751  0.   1.0312
2140 1 1 0 0 0  122.494  0.   1.0276
2141 1 1 0 0 0  273.705  0.   1.0197
2142 1 1 0 0 0  115.039  0.   1.0066
2143 1 1 0 0 0  316.936  0.   0.9891
2144 1 1 0 0 0  159.534  0.   0.9705
2145 1 1 0 0 0  313.074  0.   0.9557
2146 1 1 0 0 0  156.824  0.   0.9496
2147 1 1 0 0 0    0.587  0.   0.9544
2148 1 1 0 0 0  203.957  0.   0.9683
2149 1 1 0 0 0  356.893  0.   0.9868
2150 1 1 0 0 0  198.877  0.   1.0047
2151 1 1 0 0 0   40.262  0.   1.0184
2152 1 1 0 0 0  241.249  0.   1.0269
2153 1 1 0 0 0   32.277  0.   1.0310
2154 1 1 0 0 0  232.933  0.   1.0322
2155 1 1 0 0 0   73.567  0.   1.0324
2156 1 1 0 0 0  274.179  0.   1.0323
2157 1 1 0 0 0   65.054  0.   1.0320
2158 1 1 0 0 0  265.745  0.   1.0302
2159 1 1 0 0 0  106.552  0.   1.0252
2160 1 1 0 0 0  307.642  0.   1.0153
2161 1 1 0 0 0   99.418  0.   1.0002
2162 1 1 0 0 0  301.584  0.   0.9818
2163 1 1 0 0 0  144.455  0.   0.9640
2164 1 1 0 0 0  347.969  0.   0.9521
2165 1 1 0 0 0  142.029  0.   0.9502
2166 1 1 0 0 0  345.695  0.   0.9589
2167 1 1 0 0 0  188.806  0.   0.9753
2168 1 1 0 0 0   31.220  0.   0.9940
2169 1 1 0 0 0  183.180  0.   1.0106
2170 1 1 0 0 0   24.404  0.   1.0223
2171 1 1 0 0 0  225.285  0.   1.0289
2172 1 1 0 0 0   66.010  0.   1.0317
2173 1 1 0 0 0  216.897  0.   1.0323
2174 1 1 0 0 0   57.526  0.   1.0324
2175 1 1 0 0 0  258.140  0.   1.0323
2176 1 1 0 0 0   98.793  0.   1.0316
2177 1 1 0 0 0  249.758  0.   1.0288
2178 1 1 0 0 0   90.666  0.   1.0220
2179 1 1 0 0 0  291.891  0.   1.0100
2180 1 1 0 0 0  133.653  0.   0.9933
2181 1 1 0 0 0  286.334  0.   0.9745
2182 1 1 0 0 0  129.489  0.   0.9584
2183 1 1 0 0 0  333.154  0.   0.9501
2184 1 1 0 0 0  176.967  0.   0.9524
2185 1 1 0 0 0  330.703  0.   0.9646
2186 1 1 0 0 0  173.561  0.   0.9825
2187 1 1 0 0 0   15.684  0.   1.0009
2188 1 1 0 0 0  217.200  0.   1.0158
2189 1 1 0 0 0    8.513  0.   1.0255
2190 1 1 0 0 0  209.312  0.   1.0304
2191 1 1 0 0 0   50.000  0.   1.0321
2192 1 1 0 0 0  250.623  0.   1.0323
2193 1 1 0 0 0   41.501  0.   1.0324
2194 1 1 0 0 0  242.105  0.   1.0322
2195 1 1 0 0 0   82.779  0.   1.0309
2196 1 1 0 0 0  283.562  0.   1.0267
2197 1 1 0 0 0   74.814  0.   1.0180
2198 1 1 0 0 0  276.218  0.   1.0040
2199 1 1 0 0 0  118.230  0.   0.9861
