2SM2 degrees/h:
   31.01590    
Year M D h m s  V0+u(deg)     f
1950 1 1 0 0 0  289.059  0.   0.9640
1951 1 1 0 0 0  187.578  0.   0.9635
1952 1 1 0 0 0   86.128  0.   0.9670
1953 1 1 0 0 0    9.172  0.   0.9744
1954 1 1 0 0 0  268.013  0.   0.9846
1955 1 1 0 0 0  167.077  0.   0.9966
1956 1 1 0 0 0   66.383  0.   1.0091
1957 1 1 0 0 0  350.306  0.   1.0207
1958 1 1 0 0 0  250.046  0.   1.0300
1959 1 1 0 0 0  149.930  0.   1.0359
1960 1 1 0 0 0   49.888  0.   1.0378
1961 1 1 0 0 0  334.223  0.   1.0353
1962 1 1 0 0 0  234.092  0.   1.0289
1963 1 1 0 0 0  133.807  0.   1.0192
1964 1 1 0 0 0   33.317  0.   1.0075
1965 1 1 0 0 0  316.972  0.   0.9949
1966 1 1 0 0 0  216.003  0.   0.9830
1967 1 1 0 0 0  114.816  0.   0.9732
1968 1 1 0 0 0   13.459  0.   0.9663
1969 1 1 0 0 0  296.381  0.   0.9633
1970 1 1 0 0 0  194.902  0.   0.9644
1971 1 1 0 0 0   93.487  0.   0.9695
1972 1 1 0 0 0  352.211  0.   0.9780
1973 1 1 0 0 0  275.516  0.   0.9891
1974 1 1 0 0 0  174.673  0.   1.0015
1975 1 1 0 0 0   74.072  0.   1.0138
1976 1 1 0 0 0  333.695  0.   1.0246
1977 1 1 0 0 0  257.882  0.   1.0327
1978 1 1 0 0 0  157.804  0.   1.0371
1979 1 1 0 0 0   57.769  0.   1.0373
1980 1 1 0 0 0  317.698  0.   1.0333
1981 1 1 0 0 0  241.899  0.   1.0255
1982 1 1 0 0 0  141.539  0.   1.0149
1983 1 1 0 0 0   40.960  0.   1.0026
1984 1 1 0 0 0  300.138  0.   0.9902
1985 1 1 0 0 0  223.460  0.   0.9789
1986 1 1 0 0 0  122.200  0.   0.9701
1987 1 1 0 0 0   20.795  0.   0.9647
1988 1 1 0 0 0  279.320  0.   0.9632
1989 1 1 0 0 0  202.237  0.   0.9659
1990 1 1 0 0 0  100.868  0.   0.9724
1991 1 1 0 0 0  359.663  0.   0.9821
1992 1 1 0 0 0  258.674  0.   0.9938
1993 1 1 0 0 0  182.305  0.   1.0064
1994 1 1 0 0 0   81.795  0.   1.0183
1995 1 1 0 0 0  341.494  0.   1.0282
1996 1 1 0 0 0  241.351  0.   1.0349
1997 1 1 0 0 0  165.683  0.   1.0377
1998 1 1 0 0 0   65.644  0.   1.0363
1999 1 1 0 0 0  325.538  0.   1.0307
2000 1 1 0 0 0  225.294  0.   1.0217
2001 1 1 0 0 0  149.236  0.   1.0102
2002 1 1 0 0 0   48.564  0.   0.9977
2003 1 1 0 0 0  307.649  0.   0.9856
2004 1 1 0 0 0  206.508  0.   0.9752
2005 1 1 0 0 0  129.565  0.   0.9675
2006 1 1 0 0 0   28.122  0.   0.9636
2007 1 1 0 0 0  286.640  0.   0.9638
2008 1 1 0 0 0  185.204  0.   0.9680
2009 1 1 0 0 0  108.271  0.   0.9758
2010 1 1 0 0 0    7.146  0.   0.9864
2011 1 1 0 0 0  266.248  0.   0.9987
2012 1 1 0 0 0  165.593  0.   1.0111
2013 1 1 0 0 0   89.551  0.   1.0224
2014 1 1 0 0 0  349.319  0.   1.0312
2015 1 1 0 0 0  249.220  0.   1.0365
2016 1 1 0 0 0  149.183  0.   1.0377
2017 1 1 0 0 0   73.509  0.   1.0346
2018 1 1 0 0 0  333.357  0.   1.0275
2019 1 1 0 0 0  233.043  0.   1.0175
2020 1 1 0 0 0  132.517  0.   1.0055
2021 1 1 0 0 0   56.133  0.   0.9929
2022 1 1 0 0 0  315.125  0.   0.9813
2023 1 1 0 0 0  213.907  0.   0.9718
2024 1 1 0 0 0  112.528  0.   0.9656
2025 1 1 0 0 0   35.443  0.   0.9632
2026 1 1 0 0 0  293.969  0.   0.9649
2027 1 1 0 0 0  192.571  0.   0.9706
2028 1 1 0 0 0   91.324  0.   0.9797
2029 1 1 0 0 0   14.663  0.   0.9911
2030 1 1 0 0 0  273.859  0.   1.0035
2031 1 1 0 0 0  173.297  0.   1.0157
2032 1 1 0 0 0   72.952  0.   1.0262
2033 1 1 0 0 0  357.161  0.   1.0337
2034 1 1 0 0 0  257.095  0.   1.0375
2035 1 1 0 0 0  157.060  0.   1.0370
2036 1 1 0 0 0   56.976  0.   1.0323
2037 1 1 0 0 0  341.154  0.   1.0239
2038 1 1 0 0 0  240.761  0.   1.0130
2039 1 1 0 0 0  140.143  0.   1.0006
2040 1 1 0 0 0   39.283  0.   0.9883
2041 1 1 0 0 0  322.569  0.   0.9773
2042 1 1 0 0 0  221.281  0.   0.9690
2043 1 1 0 0 0  119.859  0.   0.9642
2044 1 1 0 0 0   18.379  0.   0.9634
2045 1 1 0 0 0  301.307  0.   0.9667
2046 1 1 0 0 0  199.960  0.   0.9738
2047 1 1 0 0 0   98.788  0.   0.9839
2048 1 1 0 0 0  357.836  0.   0.9958
2049 1 1 0 0 0  281.511  0.   1.0084
2050 1 1 0 0 0  181.037  0.   1.0200
2051 1 1 0 0 0   80.765  0.   1.0295
2052 1 1 0 0 0  340.642  0.   1.0357
2053 1 1 0 0 0  264.980  0.   1.0378
2054 1 1 0 0 0  164.935  0.   1.0356
2055 1 1 0 0 0   64.811  0.   1.0294
2056 1 1 0 0 0  324.539  0.   1.0200
2057 1 1 0 0 0  248.444  0.   1.0082
2058 1 1 0 0 0  147.732  0.   0.9957
2059 1 1 0 0 0   46.779  0.   0.9838
2060 1 1 0 0 0  305.605  0.   0.9737
2061 1 1 0 0 0  228.639  0.   0.9666
2062 1 1 0 0 0  127.185  0.   0.9634
2063 1 1 0 0 0   25.705  0.   0.9642
2064 1 1 0 0 0  284.283  0.   0.9690
2065 1 1 0 0 0  207.375  0.   0.9774
2066 1 1 0 0 0  106.284  0.   0.9883
2067 1 1 0 0 0    5.426  0.   1.0007
2068 1 1 0 0 0  264.809  0.   1.0130
2069 1 1 0 0 0  188.800  0.   1.0240
2070 1 1 0 0 0   88.594  0.   1.0323
2071 1 1 0 0 0  348.510  0.   1.0370
2072 1 1 0 0 0  248.475  0.   1.0375
2073 1 1 0 0 0  172.795  0.   1.0337
2074 1 1 0 0 0   72.621  0.   1.0261
2075 1 1 0 0 0  332.274  0.   1.0156
2076 1 1 0 0 0  231.714  0.   1.0034
2077 1 1 0 0 0  155.288  0.   0.9909
2078 1 1 0 0 0   54.245  0.   0.9796
2079 1 1 0 0 0  312.997  0.   0.9706
2080 1 1 0 0 0  211.599  0.   0.9649
2081 1 1 0 0 0  134.503  0.   0.9632
2082 1 1 0 0 0   33.036  0.   0.9656
2083 1 1 0 0 0  291.658  0.   0.9719
2084 1 1 0 0 0  190.441  0.   0.9814
2085 1 1 0 0 0  113.816  0.   0.9930
2086 1 1 0 0 0   13.056  0.   1.0056
2087 1 1 0 0 0  272.527  0.   1.0175
2088 1 1 0 0 0  172.217  0.   1.0276
2089 1 1 0 0 0   96.448  0.   1.0346
2090 1 1 0 0 0  356.393  0.   1.0377
2091 1 1 0 0 0  256.355  0.   1.0365
2092 1 1 0 0 0  156.256  0.   1.0312
2093 1 1 0 0 0   80.404  0.   1.0223
2094 1 1 0 0 0  339.977  0.   1.0110
2095 1 1 0 0 0  239.320  0.   0.9986
2096 1 1 0 0 0  138.421  0.   0.9864
2097 1 1 0 0 0   61.673  0.   0.9757
2098 1 1 0 0 0  320.359  0.   0.9679
2099 1 1 0 0 0  218.921  0.   0.9638
2100 1 1 0 0 0  117.440  0.   0.9636
2101 1 1 0 0 0   40.380  0.   0.9676
2102 1 1 0 0 0  299.057  0.   0.9752
2103 1 1 0 0 0  197.918  0.   0.9857
2104 1 1 0 0 0   97.005  0.   0.9978
2105 1 1 0 0 0   20.715  0.   1.0103
2106 1 1 0 0 0  280.276  0.   1.0217
2107 1 1 0 0 0  180.033  0.   1.0307
2108 1 1 0 0 0   79.928  0.   1.0363
2109 1 1 0 0 0    4.275  0.   1.0377
2110 1 1 0 0 0  264.222  0.   1.0349
2111 1 1 0 0 0  164.079  0.   1.0281
2112 1 1 0 0 0   63.776  0.   1.0182
2113 1 1 0 0 0  347.649  0.   1.0062
2114 1 1 0 0 0  246.898  0.   0.9937
2115 1 1 0 0 0  145.907  0.   0.9820
2116 1 1 0 0 0   44.701  0.   0.9724
2117 1 1 0 0 0  327.709  0.   0.9658
2118 1 1 0 0 0  226.245  0.   0.9632
2119 1 1 0 0 0  124.769  0.   0.9647
2120 1 1 0 0 0   23.364  0.   0.9701
2121 1 1 0 0 0  306.484  0.   0.9790
2122 1 1 0 0 0  205.429  0.   0.9903
2123 1 1 0 0 0  104.610  0.   1.0027
2124 1 1 0 0 0    4.031  0.   1.0149
2125 1 1 0 0 0  288.059  0.   1.0256
2126 1 1 0 0 0  187.877  0.   1.0333
2127 1 1 0 0 0   87.807  0.   1.0373
2128 1 1 0 0 0  347.772  0.   1.0371
2129 1 1 0 0 0  272.075  0.   1.0327
2130 1 1 0 0 0  171.878  0.   1.0246
2131 1 1 0 0 0   71.499  0.   1.0137
2132 1 1 0 0 0  330.896  0.   1.0014
2133 1 1 0 0 0  254.431  0.   0.9890
2134 1 1 0 0 0  153.352  0.   0.9779
2135 1 1 0 0 0   52.076  0.   0.9694
2136 1 1 0 0 0  310.660  0.   0.9644
2137 1 1 0 0 0  233.563  0.   0.9633
2138 1 1 0 0 0  132.105  0.   0.9664
2139 1 1 0 0 0   30.749  0.   0.9732
2140 1 1 0 0 0  289.567  0.   0.9831
2141 1 1 0 0 0  212.980  0.   0.9950
2142 1 1 0 0 0  112.255  0.   1.0076
2143 1 1 0 0 0   11.766  0.   1.0193
2144 1 1 0 0 0  271.483  0.   1.0290
2145 1 1 0 0 0  195.739  0.   1.0354
2146 1 1 0 0 0   95.687  0.   1.0378
2147 1 1 0 0 0  355.649  0.   1.0359
2148 1 1 0 0 0  255.529  0.   1.0299
2149 1 1 0 0 0  179.653  0.   1.0206
2150 1 1 0 0 0   79.187  0.   1.0090
2151 1 1 0 0 0  338.495  0.   0.9965
2152 1 1 0 0 0  237.561  0.   0.9845
2153 1 1 0 0 0  160.776  0.   0.9743
2154 1 1 0 0 0   59.441  0.   0.9670
2155 1 1 0 0 0  317.987  0.   0.9635
2156 1 1 0 0 0  216.510  0.   0.9640
2157 1 1 0 0 0  139.464  0.   0.9686
2158 1 1 0 0 0   38.163  0.   0.9768
2159 1 1 0 0 0  297.062  0.   0.9876
2160 1 1 0 0 0  196.184  0.   0.9999
2161 1 1 0 0 0  119.936  0.   1.0123
2162 1 1 0 0 0   19.529  0.   1.0234
2163 1 1 0 0 0  279.316  0.   1.0319
2164 1 1 0 0 0  179.222  0.   1.0368
2165 1 1 0 0 0  103.573  0.   1.0376
2166 1 1 0 0 0    3.507  0.   1.0340
2167 1 1 0 0 0  263.346  0.   1.0267
2168 1 1 0 0 0  163.009  0.   1.0164
2169 1 1 0 0 0   86.852  0.   1.0042
2170 1 1 0 0 0  346.058  0.   0.9917
2171 1 1 0 0 0  245.033  0.   0.9803
2172 1 1 0 0 0  143.793  0.   0.9711
2173 1 1 0 0 0   66.785  0.   0.9652
2174 1 1 0 0 0  325.309  0.   0.9632
2175 1 1 0 0 0  223.843  0.   0.9653
2176 1 1 0 0 0  122.453  0.   0.9714
2177 1 1 0 0 0   45.607  0.   0.9807
2178 1 1 0 0 0  304.584  0.   0.9922
2179 1 1 0 0 0  203.808  0.   1.0047
2180 1 1 0 0 0  103.263  0.   1.0168
2181 1 1 0 0 0   27.323  0.   1.0271
2182 1 1 0 0 0  287.160  0.   1.0343
2183 1 1 0 0 0  187.104  0.   1.0376
2184 1 1 0 0 0   87.064  0.   1.0367
2185 1 1 0 0 0   11.357  0.   1.0316
2186 1 1 0 0 0  271.130  0.   1.0230
2187 1 1 0 0 0  170.721  0.   1.0118
2188 1 1 0 0 0   70.076  0.   0.9994
2189 1 1 0 0 0  353.576  0.   0.9871
2190 1 1 0 0 0  252.466  0.   0.9764
2191 1 1 0 0 0  151.158  0.   0.9683
2192 1 1 0 0 0   49.731  0.   0.9639
2193 1 1 0 0 0  332.624  0.   0.9635
2194 1 1 0 0 0  231.188  0.   0.9672
2195 1 1 0 0 0  129.852  0.   0.9746
2196 1 1 0 0 0   28.695  0.   0.9849
2197 1 1 0 0 0  312.150  0.   0.9970
2198 1 1 0 0 0  211.468  0.   1.0095
2199 1 1 0 0 0  111.011  0.   1.0211
