J1   degrees/h:
   15.58544    
Year M D h m s  V0+u(deg)     f
1950 1 1 0 0 0  223.365  0.   1.1626
1951 1 1 0 0 0  315.459  0.   1.1642
1952 1 1 0 0 0   47.468  0.   1.1531
1953 1 1 0 0 0  153.213  0.   1.1290
1954 1 1 0 0 0  244.318  0.   1.0924
1955 1 1 0 0 0  334.552  0.   1.0445
1956 1 1 0 0 0   63.592  0.   0.9882
1957 1 1 0 0 0  165.157  0.   0.9292
1958 1 1 0 0 0  250.930  0.   0.8761
1959 1 1 0 0 0  335.062  0.   0.8390
1960 1 1 0 0 0   58.187  0.   0.8268
1961 1 1 0 0 0  155.427  0.   0.8428
1962 1 1 0 0 0  239.760  0.   0.8826
1963 1 1 0 0 0  325.776  0.   0.9371
1964 1 1 0 0 0   53.517  0.   0.9961
1965 1 1 0 0 0  156.793  0.   1.0517
1966 1 1 0 0 0  247.166  0.   1.0982
1967 1 1 0 0 0  338.366  0.   1.1331
1968 1 1 0 0 0   70.110  0.   1.1553
1969 1 1 0 0 0  176.204  0.   1.1648
1970 1 1 0 0 0  268.293  0.   1.1614
1971 1 1 0 0 0    0.205  0.   1.1453
1972 1 1 0 0 0   91.698  0.   1.1164
1973 1 1 0 0 0  196.559  0.   1.0751
1974 1 1 0 0 0  286.370  0.   1.0234
1975 1 1 0 0 0   14.856  0.   0.9653
1976 1 1 0 0 0  101.714  0.   0.9075
1977 1 1 0 0 0  200.856  0.   0.8592
1978 1 1 0 0 0  284.490  0.   0.8310
1979 1 1 0 0 0    7.506  0.   0.8297
1980 1 1 0 0 0   91.043  0.   0.8558
1981 1 1 0 0 0  190.034  0.   0.9026
1982 1 1 0 0 0  276.736  0.   0.9600
1983 1 1 0 0 0    5.089  0.   1.0184
1984 1 1 0 0 0   94.795  0.   1.0708
1985 1 1 0 0 0  199.580  0.   1.1132
1986 1 1 0 0 0  291.023  0.   1.1432
1987 1 1 0 0 0   22.908  0.   1.1605
1988 1 1 0 0 0  114.991  0.   1.1650
1989 1 1 0 0 0  221.100  0.   1.1567
1990 1 1 0 0 0  312.879  0.   1.1356
1991 1 1 0 0 0   44.139  0.   1.1018
1992 1 1 0 0 0  134.598  0.   1.0562
1993 1 1 0 0 0  237.989  0.   1.0013
1994 1 1 0 0 0  325.874  0.   0.9423
1995 1 1 0 0 0   52.048  0.   0.8871
1996 1 1 0 0 0  136.517  0.   0.8455
1997 1 1 0 0 0  233.822  0.   0.8271
1998 1 1 0 0 0  316.906  0.   0.8368
1999 1 1 0 0 0   40.914  0.   0.8719
2000 1 1 0 0 0  126.530  0.   0.9240
2001 1 1 0 0 0  227.946  0.   0.9830
2002 1 1 0 0 0  316.863  0.   1.0398
2003 1 1 0 0 0   47.004  0.   1.0886
2004 1 1 0 0 0  138.043  0.   1.1262
2005 1 1 0 0 0  243.748  0.   1.1514
2006 1 1 0 0 0  335.737  0.   1.1638
2007 1 1 0 0 0   67.833  0.   1.1633
2008 1 1 0 0 0  159.806  0.   1.1501
2009 1 1 0 0 0  265.475  0.   1.1239
2010 1 1 0 0 0  356.460  0.   1.0854
2011 1 1 0 0 0   86.524  0.   1.0359
2012 1 1 0 0 0  175.340  0.   0.9787
2013 1 1 0 0 0  276.633  0.   0.9199
2014 1 1 0 0 0    2.122  0.   0.8687
2015 1 1 0 0 0   86.032  0.   0.8352
2016 1 1 0 0 0  169.091  0.   0.8275
2017 1 1 0 0 0  266.451  0.   0.8478
2018 1 1 0 0 0  351.034  0.   0.8907
2019 1 1 0 0 0   77.337  0.   0.9466
2020 1 1 0 0 0  165.338  0.   1.0055
2021 1 1 0 0 0  268.822  0.   1.0599
2022 1 1 0 0 0  359.348  0.   1.1046
2023 1 1 0 0 0   90.655  0.   1.1375
2024 1 1 0 0 0  182.462  0.   1.1577
2025 1 1 0 0 0  288.582  0.   1.1651
2026 1 1 0 0 0   20.657  0.   1.1597
2027 1 1 0 0 0  112.519  0.   1.1415
2028 1 1 0 0 0  203.920  0.   1.1105
2029 1 1 0 0 0  308.642  0.   1.0674
2030 1 1 0 0 0   38.262  0.   1.0143
2031 1 1 0 0 0  126.503  0.   0.9557
2032 1 1 0 0 0  213.078  0.   0.8988
2033 1 1 0 0 0  311.948  0.   0.8531
2034 1 1 0 0 0   35.412  0.   0.8289
2035 1 1 0 0 0  118.434  0.   0.8322
2036 1 1 0 0 0  202.152  0.   0.8621
2037 1 1 0 0 0  301.419  0.   0.9114
2038 1 1 0 0 0   28.403  0.   0.9696
2039 1 1 0 0 0  116.996  0.   1.0274
2040 1 1 0 0 0  206.889  0.   1.0784
2041 1 1 0 0 0  311.810  0.   1.1189
2042 1 1 0 0 0   43.342  0.   1.1469
2043 1 1 0 0 0  135.274  0.   1.1621
2044 1 1 0 0 0  227.366  0.   1.1645
2045 1 1 0 0 0  333.449  0.   1.1541
2046 1 1 0 0 0   65.162  0.   1.1310
2047 1 1 0 0 0  156.312  0.   1.0952
2048 1 1 0 0 0  246.613  0.   1.0479
2049 1 1 0 0 0  349.793  0.   0.9919
2050 1 1 0 0 0   77.416  0.   0.9329
2051 1 1 0 0 0  163.304  0.   0.8791
2052 1 1 0 0 0  247.530  0.   0.8407
2053 1 1 0 0 0  344.725  0.   0.8268
2054 1 1 0 0 0   67.890  0.   0.8409
2055 1 1 0 0 0  152.126  0.   0.8795
2056 1 1 0 0 0  238.027  0.   0.9333
2057 1 1 0 0 0  339.711  0.   0.9925
2058 1 1 0 0 0   68.849  0.   1.0483
2059 1 1 0 0 0  159.156  0.   1.0955
2060 1 1 0 0 0  250.312  0.   1.1312
2061 1 1 0 0 0  356.090  0.   1.1543
2062 1 1 0 0 0   88.112  0.   1.1645
2063 1 1 0 0 0  180.204  0.   1.1620
2064 1 1 0 0 0  272.135  0.   1.1467
2065 1 1 0 0 0   17.721  0.   1.1185
2066 1 1 0 0 0  108.578  0.   1.0781
2067 1 1 0 0 0  198.464  0.   1.0270
2068 1 1 0 0 0  287.046  0.   0.9692
2069 1 1 0 0 0   28.060  0.   0.9109
2070 1 1 0 0 0  113.269  0.   0.8618
2071 1 1 0 0 0  196.979  0.   0.8321
2072 1 1 0 0 0  280.000  0.   0.8289
2073 1 1 0 0 0   17.511  0.   0.8534
2074 1 1 0 0 0  102.355  0.   0.8991
2075 1 1 0 0 0  188.942  0.   0.9561
2076 1 1 0 0 0  277.197  0.   1.0147
2077 1 1 0 0 0   20.880  0.   1.0678
2078 1 1 0 0 0  111.554  0.   1.1108
2079 1 1 0 0 0  202.959  0.   1.1416
2080 1 1 0 0 0  294.822  0.   1.1598
2081 1 1 0 0 0   40.958  0.   1.1651
2082 1 1 0 0 0  133.016  0.   1.1576
2083 1 1 0 0 0  224.820  0.   1.1373
2084 1 1 0 0 0  316.122  0.   1.1044
2085 1 1 0 0 0   60.697  0.   1.0594
2086 1 1 0 0 0  150.119  0.   1.0051
2087 1 1 0 0 0  238.106  0.   0.9462
2088 1 1 0 0 0  324.398  0.   0.8904
2089 1 1 0 0 0   63.007  0.   0.8475
2090 1 1 0 0 0  146.325  0.   0.8275
2091 1 1 0 0 0  229.385  0.   0.8353
2092 1 1 0 0 0  313.305  0.   0.8690
2093 1 1 0 0 0   52.851  0.   0.9205
2094 1 1 0 0 0  140.111  0.   0.9791
2095 1 1 0 0 0  228.936  0.   1.0363
2096 1 1 0 0 0  319.008  0.   1.0857
2097 1 1 0 0 0   64.056  0.   1.1243
2098 1 1 0 0 0  155.670  0.   1.1502
2099 1 1 0 0 0  247.644  0.   1.1633
2100 1 1 0 0 0  339.741  0.   1.1637
2101 1 1 0 0 0   85.789  0.   1.1513
2102 1 1 0 0 0  177.430  0.   1.1260
2103 1 1 0 0 0  268.464  0.   1.0883
2104 1 1 0 0 0  358.598  0.   1.0394
2105 1 1 0 0 0  101.555  0.   0.9824
2106 1 1 0 0 0  188.908  0.   0.9236
2107 1 1 0 0 0  274.511  0.   0.8716
2108 1 1 0 0 0  358.509  0.   0.8367
2109 1 1 0 0 0   95.628  0.   0.8271
2110 1 1 0 0 0  178.902  0.   0.8457
2111 1 1 0 0 0  263.382  0.   0.8874
2112 1 1 0 0 0  349.569  0.   0.9428
2113 1 1 0 0 0   91.518  0.   1.0019
2114 1 1 0 0 0  180.867  0.   1.0566
2115 1 1 0 0 0  271.333  0.   1.1021
2116 1 1 0 0 0    2.598  0.   1.1358
2117 1 1 0 0 0  108.439  0.   1.1568
2118 1 1 0 0 0  200.489  0.   1.1650
2119 1 1 0 0 0  292.570  0.   1.1604
2120 1 1 0 0 0   24.453  0.   1.1431
2121 1 1 0 0 0  129.949  0.   1.1128
2122 1 1 0 0 0  220.670  0.   1.0705
2123 1 1 0 0 0  310.369  0.   1.0180
2124 1 1 0 0 0   38.711  0.   0.9596
2125 1 1 0 0 0  139.444  0.   0.9021
2126 1 1 0 0 0  224.381  0.   0.8555
2127 1 1 0 0 0  307.911  0.   0.8296
2128 1 1 0 0 0   30.926  0.   0.8311
2129 1 1 0 0 0  128.607  0.   0.8596
2130 1 1 0 0 0  213.721  0.   0.9078
2131 1 1 0 0 0  300.591  0.   0.9657
2132 1 1 0 0 0   29.088  0.   1.0238
2133 1 1 0 0 0  132.961  0.   1.0755
2134 1 1 0 0 0  223.773  0.   1.1166
2135 1 1 0 0 0  315.270  0.   1.1454
2136 1 1 0 0 0   47.184  0.   1.1615
2137 1 1 0 0 0  153.335  0.   1.1647
2138 1 1 0 0 0  245.368  0.   1.1552
2139 1 1 0 0 0  337.108  0.   1.1329
2140 1 1 0 0 0   68.306  0.   1.0979
2141 1 1 0 0 0  172.725  0.   1.0512
2142 1 1 0 0 0  261.936  0.   0.9957
2143 1 1 0 0 0  349.666  0.   0.9367
2144 1 1 0 0 0   75.669  0.   0.8823
2145 1 1 0 0 0  174.031  0.   0.8425
2146 1 1 0 0 0  257.228  0.   0.8268
2147 1 1 0 0 0  340.358  0.   0.8392
2148 1 1 0 0 0   64.498  0.   0.8764
2149 1 1 0 0 0  164.331  0.   0.9297
2150 1 1 0 0 0  251.859  0.   0.9887
2151 1 1 0 0 0  340.911  0.   1.0449
2152 1 1 0 0 0   71.155  0.   1.0927
2153 1 1 0 0 0  176.321  0.   1.1293
2154 1 1 0 0 0  268.012  0.   1.1532
2155 1 1 0 0 0    0.019  0.   1.1643
2156 1 1 0 0 0   92.116  0.   1.1626
2157 1 1 0 0 0  198.126  0.   1.1481
2158 1 1 0 0 0  289.684  0.   1.1208
2159 1 1 0 0 0   20.596  0.   1.0811
2160 1 1 0 0 0  110.553  0.   1.0306
2161 1 1 0 0 0  213.281  0.   0.9729
2162 1 1 0 0 0  300.358  0.   0.9145
2163 1 1 0 0 0   25.681  0.   0.8646
2164 1 1 0 0 0  109.467  0.   0.8332
2165 1 1 0 0 0  206.537  0.   0.8283
2166 1 1 0 0 0  289.946  0.   0.8511
2167 1 1 0 0 0   14.685  0.   0.8957
2168 1 1 0 0 0  101.156  0.   0.9523
2169 1 1 0 0 0  203.364  0.   1.0112
2170 1 1 0 0 0  292.915  0.   1.0647
2171 1 1 0 0 0   23.532  0.   1.1083
2172 1 1 0 0 0  114.896  0.   1.1400
2173 1 1 0 0 0  220.800  0.   1.1590
2174 1 1 0 0 0  312.867  0.   1.1651
2175 1 1 0 0 0   44.935  0.   1.1585
2176 1 1 0 0 0  136.761  0.   1.1390
2177 1 1 0 0 0  242.162  0.   1.1068
2178 1 1 0 0 0  332.739  0.   1.0626
2179 1 1 0 0 0   62.243  0.   1.0088
2180 1 1 0 0 0  150.333  0.   0.9500
2181 1 1 0 0 0  250.782  0.   0.8936
2182 1 1 0 0 0  335.452  0.   0.8497
2183 1 1 0 0 0   58.827  0.   0.8279
2184 1 1 0 0 0  141.867  0.   0.8340
2185 1 1 0 0 0  239.742  0.   0.8663
2186 1 1 0 0 0  325.133  0.   0.9168
2187 1 1 0 0 0   52.284  0.   0.9753
2188 1 1 0 0 0  141.014  0.   1.0327
2189 1 1 0 0 0  245.073  0.   1.0829
2190 1 1 0 0 0  336.017  0.   1.1221
2191 1 1 0 0 0   67.596  0.   1.1489
2192 1 1 0 0 0  159.557  0.   1.1629
2193 1 1 0 0 0  265.711  0.   1.1641
2194 1 1 0 0 0  357.717  0.   1.1525
2195 1 1 0 0 0   89.386  0.   1.1281
2196 1 1 0 0 0  180.465  0.   1.0911
2197 1 1 0 0 0  284.724  0.   1.0427
2198 1 1 0 0 0   13.720  0.   0.9863
2199 1 1 0 0 0  101.180  0.   0.9274
