K2   degrees/h:
   30.08214    
Year M D h m s  V0+u(deg)     f
1950 1 1 0 0 0  196.741  0.   1.3104
1951 1 1 0 0 0  201.742  0.   1.3148
1952 1 1 0 0 0  206.570  0.   1.2848
1953 1 1 0 0 0  212.743  0.   1.2239
1954 1 1 0 0 0  215.817  0.   1.1400
1955 1 1 0 0 0  217.317  0.   1.0436
1956 1 1 0 0 0  216.858  0.   0.9470
1957 1 1 0 0 0  216.225  0.   0.8617
1958 1 1 0 0 0  211.653  0.   0.7975
1959 1 1 0 0 0  205.635  0.   0.7589
1960 1 1 0 0 0  198.902  0.   0.7473
1961 1 1 0 0 0  194.175  0.   0.7626
1962 1 1 0 0 0  188.315  0.   0.8049
1963 1 1 0 0 0  183.989  0.   0.8724
1964 1 1 0 0 0  181.681  0.   0.9596
1965 1 1 0 0 0  183.478  0.   1.0572
1966 1 1 0 0 0  185.219  0.   1.1526
1967 1 1 0 0 0  188.475  0.   1.2338
1968 1 1 0 0 0  192.779  0.   1.2907
1969 1 1 0 0 0  199.643  0.   1.3162
1970 1 1 0 0 0  204.632  0.   1.3071
1971 1 1 0 0 0  209.268  0.   1.2646
1972 1 1 0 0 0  213.083  0.   1.1938
1973 1 1 0 0 0  217.580  0.   1.1035
1974 1 1 0 0 0  218.358  0.   1.0055
1975 1 1 0 0 0  217.074  0.   0.9120
1976 1 1 0 0 0  213.673  0.   0.8342
1977 1 1 0 0 0  210.421  0.   0.7794
1978 1 1 0 0 0  204.035  0.   0.7512
1979 1 1 0 0 0  197.231  0.   0.7500
1980 1 1 0 0 0  190.776  0.   0.7758
1981 1 1 0 0 0  187.391  0.   0.8283
1982 1 1 0 0 0  183.810  0.   0.9043
1983 1 1 0 0 0  182.335  0.   0.9968
1984 1 1 0 0 0  182.939  0.   1.0949
1985 1 1 0 0 0  187.298  0.   1.1864
1986 1 1 0 0 0  191.017  0.   1.2593
1987 1 1 0 0 0  195.599  0.   1.3046
1988 1 1 0 0 0  200.575  0.   1.3168
1989 1 1 0 0 0  207.468  0.   1.2944
1990 1 1 0 0 0  211.842  0.   1.2400
1991 1 1 0 0 0  215.210  0.   1.1606
1992 1 1 0 0 0  217.105  0.   1.0660
1993 1 1 0 0 0  219.085  0.   0.9680
1994 1 1 0 0 0  216.968  0.   0.8794
1995 1 1 0 0 0  212.807  0.   0.8099
1996 1 1 0 0 0  207.057  0.   0.7653
1997 1 1 0 0 0  202.372  0.   0.7475
1998 1 1 0 0 0  195.612  0.   0.7568
1999 1 1 0 0 0  189.500  0.   0.7930
2000 1 1 0 0 0  184.773  0.   0.8551
2001 1 1 0 0 0  183.951  0.   0.9388
2002 1 1 0 0 0  183.305  0.   1.0348
2003 1 1 0 0 0  184.644  0.   1.1318
2004 1 1 0 0 0  187.596  0.   1.2172
2005 1 1 0 0 0  193.689  0.   1.2805
2006 1 1 0 0 0  198.479  0.   1.3135
2007 1 1 0 0 0  203.483  0.   1.3122
2008 1 1 0 0 0  208.240  0.   1.2769
2009 1 1 0 0 0  214.265  0.   1.2117
2010 1 1 0 0 0  217.115  0.   1.1250
2011 1 1 0 0 0  218.321  0.   1.0277
2012 1 1 0 0 0  217.522  0.   0.9322
2013 1 1 0 0 0  216.549  0.   0.8498
2014 1 1 0 0 0  211.699  0.   0.7895
2015 1 1 0 0 0  205.514  0.   0.7552
2016 1 1 0 0 0  198.737  0.   0.7479
2017 1 1 0 0 0  194.092  0.   0.7676
2018 1 1 0 0 0  188.434  0.   0.8142
2019 1 1 0 0 0  184.411  0.   0.8853
2020 1 1 0 0 0  182.448  0.   0.9749
2021 1 1 0 0 0  184.576  0.   1.0730
2022 1 1 0 0 0  186.592  0.   1.1670
2023 1 1 0 0 0  190.049  0.   1.2449
2024 1 1 0 0 0  194.477  0.   1.2971
2025 1 1 0 0 0  201.391  0.   1.3171
2026 1 1 0 0 0  206.354  0.   1.3024
2027 1 1 0 0 0  210.890  0.   1.2549
2028 1 1 0 0 0  214.528  0.   1.1803
2029 1 1 0 0 0  218.772  0.   1.0878
2030 1 1 0 0 0  219.233  0.   0.9898
2031 1 1 0 0 0  217.603  0.   0.8981
2032 1 1 0 0 0  213.879  0.   0.8236
2033 1 1 0 0 0  210.389  0.   0.7730
2034 1 1 0 0 0  203.883  0.   0.7492
2035 1 1 0 0 0  197.083  0.   0.7523
2036 1 1 0 0 0  190.756  0.   0.7824
2037 1 1 0 0 0  187.618  0.   0.8391
2038 1 1 0 0 0  184.363  0.   0.9184
2039 1 1 0 0 0  183.235  0.   1.0125
2040 1 1 0 0 0  184.151  0.   1.1104
2041 1 1 0 0 0  188.758  0.   1.1997
2042 1 1 0 0 0  192.649  0.   1.2687
2043 1 1 0 0 0  197.326  0.   1.3089
2044 1 1 0 0 0  202.322  0.   1.3156
2045 1 1 0 0 0  209.161  0.   1.2876
2046 1 1 0 0 0  213.404  0.   1.2287
2047 1 1 0 0 0  216.566  0.   1.1460
2048 1 1 0 0 0  218.181  0.   1.0501
2049 1 1 0 0 0  219.827  0.   0.9528
2050 1 1 0 0 0  217.365  0.   0.8667
2051 1 1 0 0 0  212.908  0.   0.8009
2052 1 1 0 0 0  206.963  0.   0.7606
2053 1 1 0 0 0  202.207  0.   0.7472
2054 1 1 0 0 0  195.500  0.   0.7608
2055 1 1 0 0 0  189.563  0.   0.8013
2056 1 1 0 0 0  185.119  0.   0.8673
2057 1 1 0 0 0  184.641  0.   0.9537
2058 1 1 0 0 0  184.333  0.   1.0508
2059 1 1 0 0 0  185.961  0.   1.1467
2060 1 1 0 0 0  189.132  0.   1.2292
2061 1 1 0 0 0  195.366  0.   1.2881
2062 1 1 0 0 0  200.222  0.   1.3156
2063 1 1 0 0 0  205.218  0.   1.3088
2064 1 1 0 0 0  209.891  0.   1.2683
2065 1 1 0 0 0  215.756  0.   1.1989
2066 1 1 0 0 0  218.371  0.   1.1097
2067 1 1 0 0 0  219.273  0.   1.0119
2068 1 1 0 0 0  218.130  0.   0.9177
2069 1 1 0 0 0  216.822  0.   0.8384
2070 1 1 0 0 0  211.711  0.   0.7821
2071 1 1 0 0 0  205.378  0.   0.7522
2072 1 1 0 0 0  198.578  0.   0.7492
2073 1 1 0 0 0  194.033  0.   0.7734
2074 1 1 0 0 0  188.597  0.   0.8241
2075 1 1 0 0 0  184.886  0.   0.8987
2076 1 1 0 0 0  183.272  0.   0.9904
2077 1 1 0 0 0  185.724  0.   1.0888
2078 1 1 0 0 0  188.003  0.   1.1809
2079 1 1 0 0 0  191.649  0.   1.2553
2080 1 1 0 0 0  196.189  0.   1.3026
2081 1 1 0 0 0  203.140  0.   1.3171
2082 1 1 0 0 0  208.065  0.   1.2969
2083 1 1 0 0 0  212.488  0.   1.2444
2084 1 1 0 0 0  215.936  0.   1.1663
2085 1 1 0 0 0  219.917  0.   1.0721
2086 1 1 0 0 0  220.054  0.   0.9742
2087 1 1 0 0 0  218.077  0.   0.8847
2088 1 1 0 0 0  214.039  0.   0.8137
2089 1 1 0 0 0  210.328  0.   0.7673
2090 1 1 0 0 0  203.723  0.   0.7479
2091 1 1 0 0 0  196.948  0.   0.7554
2092 1 1 0 0 0  190.770  0.   0.7898
2093 1 1 0 0 0  187.894  0.   0.8505
2094 1 1 0 0 0  184.974  0.   0.9328
2095 1 1 0 0 0  184.189  0.   1.0284
2096 1 1 0 0 0  185.408  0.   1.1257
2097 1 1 0 0 0  190.251  0.   1.2125
2098 1 1 0 0 0  194.301  0.   1.2773
2099 1 1 0 0 0  199.061  0.   1.3123
2100 1 1 0 0 0  204.065  0.   1.3134
2101 1 1 0 0 0  210.837  0.   1.2801
2102 1 1 0 0 0  214.938  0.   1.2167
2103 1 1 0 0 0  217.881  0.   1.1311
2104 1 1 0 0 0  219.207  0.   1.0341
2105 1 1 0 0 0  220.513  0.   0.9379
2106 1 1 0 0 0  217.709  0.   0.8545
2107 1 1 0 0 0  212.970  0.   0.7926
2108 1 1 0 0 0  206.850  0.   0.7566
2109 1 1 0 0 0  202.042  0.   0.7476
2110 1 1 0 0 0  195.407  0.   0.7655
2111 1 1 0 0 0  189.666  0.   0.8103
2112 1 1 0 0 0  185.519  0.   0.8800
2113 1 1 0 0 0  185.386  0.   0.9689
2114 1 1 0 0 0  185.411  0.   1.0666
2115 1 1 0 0 0  187.318  0.   1.1612
2116 1 1 0 0 0  190.695  0.   1.2405
2117 1 1 0 0 0  197.060  0.   1.2947
2118 1 1 0 0 0  201.969  0.   1.3169
2119 1 1 0 0 0  206.944  0.   1.3044
2120 1 1 0 0 0  211.522  0.   1.2589
2121 1 1 0 0 0  217.214  0.   1.1856
2122 1 1 0 0 0  219.581  0.   1.0942
2123 1 1 0 0 0  220.171  0.   0.9961
2124 1 1 0 0 0  218.681  0.   0.9037
2125 1 1 0 0 0  217.046  0.   0.8276
2126 1 1 0 0 0  211.690  0.   0.7755
2127 1 1 0 0 0  205.230  0.   0.7499
2128 1 1 0 0 0  198.426  0.   0.7513
2129 1 1 0 0 0  194.002  0.   0.7798
2130 1 1 0 0 0  188.805  0.   0.8346
2131 1 1 0 0 0  185.418  0.   0.9126
2132 1 1 0 0 0  184.150  0.   1.0062
2133 1 1 0 0 0  186.918  0.   1.1044
2134 1 1 0 0 0  189.449  0.   1.1944
2135 1 1 0 0 0  193.272  0.   1.2650
2136 1 1 0 0 0  197.912  0.   1.3073
2137 1 1 0 0 0  204.888  0.   1.3162
2138 1 1 0 0 0  209.763  0.   1.2904
2139 1 1 0 0 0  214.061  0.   1.2333
2140 1 1 0 0 0  217.308  0.   1.1519
2141 1 1 0 0 0  221.012  0.   1.0562
2142 1 1 0 0 0  220.819  0.   0.9589
2143 1 1 0 0 0  218.495  0.   0.8718
2144 1 1 0 0 0  214.157  0.   0.8045
2145 1 1 0 0 0  210.243  0.   0.7624
2146 1 1 0 0 0  203.559  0.   0.7472
2147 1 1 0 0 0  196.828  0.   0.7591
2148 1 1 0 0 0  190.818  0.   0.7979
2149 1 1 0 0 0  188.220  0.   0.8625
2150 1 1 0 0 0  185.640  0.   0.9476
2151 1 1 0 0 0  185.196  0.   1.0443
2152 1 1 0 0 0  186.708  0.   1.1407
2153 1 1 0 0 0  191.775  0.   1.2246
2154 1 1 0 0 0  195.971  0.   1.2851
2155 1 1 0 0 0  200.802  0.   1.3149
2156 1 1 0 0 0  205.803  0.   1.3103
2157 1 1 0 0 0  212.496  0.   1.2717
2158 1 1 0 0 0  216.442  0.   1.2041
2159 1 1 0 0 0  219.154  0.   1.1159
2160 1 1 0 0 0  220.180  0.   1.0183
2161 1 1 0 0 0  221.143  0.   0.9233
2162 1 1 0 0 0  218.002  0.   0.8429
2163 1 1 0 0 0  212.995  0.   0.7850
2164 1 1 0 0 0  206.720  0.   0.7533
2165 1 1 0 0 0  201.880  0.   0.7486
2166 1 1 0 0 0  195.338  0.   0.7710
2167 1 1 0 0 0  189.811  0.   0.8200
2168 1 1 0 0 0  185.972  0.   0.8933
2169 1 1 0 0 0  186.188  0.   0.9844
2170 1 1 0 0 0  186.539  0.   1.0825
2171 1 1 0 0 0  188.713  0.   1.1753
2172 1 1 0 0 0  192.284  0.   1.2512
2173 1 1 0 0 0  198.767  0.   1.3006
2174 1 1 0 0 0  203.718  0.   1.3172
2175 1 1 0 0 0  208.660  0.   1.2992
2176 1 1 0 0 0  213.130  0.   1.2487
2177 1 1 0 0 0  218.637  0.   1.1718
2178 1 1 0 0 0  220.745  0.   1.0785
2179 1 1 0 0 0  221.014  0.   0.9805
2180 1 1 0 0 0  219.177  0.   0.8901
2181 1 1 0 0 0  217.224  0.   0.8175
2182 1 1 0 0 0  211.641  0.   0.7695
2183 1 1 0 0 0  205.073  0.   0.7483
2184 1 1 0 0 0  198.285  0.   0.7540
2185 1 1 0 0 0  194.002  0.   0.7869
2186 1 1 0 0 0  189.061  0.   0.8458
2187 1 1 0 0 0  186.005  0.   0.9269
2188 1 1 0 0 0  185.082  0.   1.0220
2189 1 1 0 0 0  188.158  0.   1.1198
2190 1 1 0 0 0  190.929  0.   1.2074
2191 1 1 0 0 0  194.916  0.   1.2739
2192 1 1 0 0 0  199.644  0.   1.3111
2193 1 1 0 0 0  206.633  0.   1.3143
2194 1 1 0 0 0  211.447  0.   1.2832
2195 1 1 0 0 0  215.607  0.   1.2216
2196 1 1 0 0 0  218.639  0.   1.1372
2197 1 1 0 0 0  222.057  0.   1.0403
2198 1 1 0 0 0  221.528  0.   0.9439
2199 1 1 0 0 0  218.861  0.   0.8594
