LAMB degrees/h:
   29.45563    
Year M D h m s  V0+u(deg)     f
1950 1 1 0 0 0  324.006  0.   0.9640
1951 1 1 0 0 0  236.012  0.   0.9635
1952 1 1 0 0 0  147.986  0.   0.9670
1953 1 1 0 0 0   46.784  0.   0.9744
1954 1 1 0 0 0  318.468  0.   0.9846
1955 1 1 0 0 0  229.929  0.   0.9966
1956 1 1 0 0 0  141.147  0.   1.0091
1957 1 1 0 0 0   39.066  0.   1.0207
1958 1 1 0 0 0  309.851  0.   1.0300
1959 1 1 0 0 0  220.491  0.   1.0359
1960 1 1 0 0 0  131.058  0.   1.0378
1961 1 1 0 0 0   28.564  0.   1.0353
1962 1 1 0 0 0  299.220  0.   1.0289
1963 1 1 0 0 0  210.029  0.   1.0192
1964 1 1 0 0 0  121.044  0.   1.0075
1965 1 1 0 0 0   19.230  0.   0.9949
1966 1 1 0 0 0  290.724  0.   0.9830
1967 1 1 0 0 0  202.435  0.   0.9732
1968 1 1 0 0 0  114.317  0.   0.9663
1969 1 1 0 0 0   13.237  0.   0.9633
1970 1 1 0 0 0  285.240  0.   0.9644
1971 1 1 0 0 0  197.180  0.   0.9695
1972 1 1 0 0 0  108.980  0.   0.9780
1973 1 1 0 0 0    7.518  0.   0.9891
1974 1 1 0 0 0  278.885  0.   1.0015
1975 1 1 0 0 0  190.011  0.   1.0138
1976 1 1 0 0 0  100.913  0.   1.0246
1977 1 1 0 0 0  358.567  0.   1.0327
1978 1 1 0 0 0  269.170  0.   1.0371
1979 1 1 0 0 0  179.729  0.   1.0373
1980 1 1 0 0 0   90.325  0.   1.0333
1981 1 1 0 0 0  347.966  0.   1.0255
1982 1 1 0 0 0  258.850  0.   1.0149
1983 1 1 0 0 0  169.954  0.   1.0026
1984 1 1 0 0 0   81.300  0.   0.9902
1985 1 1 0 0 0  339.819  0.   0.9789
1986 1 1 0 0 0  251.604  0.   0.9701
1987 1 1 0 0 0  163.534  0.   0.9647
1988 1 1 0 0 0   75.534  0.   0.9632
1989 1 1 0 0 0  334.459  0.   0.9659
1990 1 1 0 0 0  246.353  0.   0.9724
1991 1 1 0 0 0  158.082  0.   0.9821
1992 1 1 0 0 0   69.596  0.   0.9938
1993 1 1 0 0 0  327.805  0.   1.0064
1994 1 1 0 0 0  238.840  0.   1.0183
1995 1 1 0 0 0  149.666  0.   1.0282
1996 1 1 0 0 0   60.333  0.   1.0349
1997 1 1 0 0 0  317.842  0.   1.0377
1998 1 1 0 0 0  228.407  0.   1.0363
1999 1 1 0 0 0  139.037  0.   1.0307
2000 1 1 0 0 0   49.806  0.   1.0217
2001 1 1 0 0 0  307.705  0.   1.0102
2002 1 1 0 0 0  218.902  0.   0.9977
2003 1 1 0 0 0  130.342  0.   0.9856
2004 1 1 0 0 0   42.008  0.   0.9752
2005 1 1 0 0 0  300.792  0.   0.9675
2006 1 1 0 0 0  212.760  0.   0.9636
2007 1 1 0 0 0  124.766  0.   0.9638
2008 1 1 0 0 0   36.727  0.   0.9680
2009 1 1 0 0 0  295.501  0.   0.9758
2010 1 1 0 0 0  207.152  0.   0.9864
2011 1 1 0 0 0  118.574  0.   0.9987
2012 1 1 0 0 0   29.753  0.   1.0111
2013 1 1 0 0 0  287.637  0.   1.0224
2014 1 1 0 0 0  198.394  0.   1.0312
2015 1 1 0 0 0  109.017  0.   1.0365
2016 1 1 0 0 0   19.579  0.   1.0377
2017 1 1 0 0 0  277.094  0.   1.0346
2018 1 1 0 0 0  187.771  0.   1.0275
2019 1 1 0 0 0   98.610  0.   1.0175
2020 1 1 0 0 0    9.661  0.   1.0055
2021 1 1 0 0 0  267.886  0.   0.9929
2022 1 1 0 0 0  179.418  0.   0.9813
2023 1 1 0 0 0   91.161  0.   0.9718
2024 1 1 0 0 0    3.064  0.   0.9656
2025 1 1 0 0 0  261.992  0.   0.9632
2026 1 1 0 0 0  173.991  0.   0.9649
2027 1 1 0 0 0   85.913  0.   0.9706
2028 1 1 0 0 0  357.685  0.   0.9797
2029 1 1 0 0 0  256.187  0.   0.9911
2030 1 1 0 0 0  167.515  0.   1.0035
2031 1 1 0 0 0   78.603  0.   1.0157
2032 1 1 0 0 0  349.472  0.   1.0262
2033 1 1 0 0 0  247.104  0.   1.0337
2034 1 1 0 0 0  157.694  0.   1.0375
2035 1 1 0 0 0   68.254  0.   1.0370
2036 1 1 0 0 0  338.863  0.   1.0323
2037 1 1 0 0 0  236.527  0.   1.0239
2038 1 1 0 0 0  147.444  0.   1.0130
2039 1 1 0 0 0   58.587  0.   1.0006
2040 1 1 0 0 0  329.972  0.   0.9883
2041 1 1 0 0 0  228.526  0.   0.9773
2042 1 1 0 0 0  140.338  0.   0.9690
2043 1 1 0 0 0   52.286  0.   0.9642
2044 1 1 0 0 0  324.291  0.   0.9634
2045 1 1 0 0 0  223.205  0.   0.9667
2046 1 1 0 0 0  135.077  0.   0.9738
2047 1 1 0 0 0   46.774  0.   0.9839
2048 1 1 0 0 0  318.250  0.   0.9958
2049 1 1 0 0 0  216.418  0.   1.0084
2050 1 1 0 0 0  127.417  0.   1.0200
2051 1 1 0 0 0   38.213  0.   1.0295
2052 1 1 0 0 0  308.860  0.   1.0357
2053 1 1 0 0 0  206.363  0.   1.0378
2054 1 1 0 0 0  116.933  0.   1.0356
2055 1 1 0 0 0   27.581  0.   1.0294
2056 1 1 0 0 0  298.378  0.   1.0200
2057 1 1 0 0 0  196.314  0.   1.0082
2058 1 1 0 0 0  107.550  0.   0.9957
2059 1 1 0 0 0   19.029  0.   0.9838
2060 1 1 0 0 0  290.727  0.   0.9737
2061 1 1 0 0 0  189.535  0.   0.9666
2062 1 1 0 0 0  101.514  0.   0.9634
2063 1 1 0 0 0   13.519  0.   0.9642
2064 1 1 0 0 0  285.465  0.   0.9690
2065 1 1 0 0 0  184.213  0.   0.9774
2066 1 1 0 0 0   95.829  0.   0.9883
2067 1 1 0 0 0    7.212  0.   1.0007
2068 1 1 0 0 0  278.353  0.   1.0130
2069 1 1 0 0 0  176.204  0.   1.0240
2070 1 1 0 0 0   86.935  0.   1.0323
2071 1 1 0 0 0  357.543  0.   1.0370
2072 1 1 0 0 0  268.103  0.   1.0375
2073 1 1 0 0 0  165.626  0.   1.0337
2074 1 1 0 0 0   76.324  0.   1.0261
2075 1 1 0 0 0  347.195  0.   1.0156
2076 1 1 0 0 0  258.282  0.   1.0034
2077 1 1 0 0 0  156.549  0.   0.9909
2078 1 1 0 0 0   68.116  0.   0.9796
2079 1 1 0 0 0  339.889  0.   0.9706
2080 1 1 0 0 0  251.812  0.   0.9649
2081 1 1 0 0 0  150.749  0.   0.9632
2082 1 1 0 0 0   62.740  0.   0.9656
2083 1 1 0 0 0  334.643  0.   0.9719
2084 1 1 0 0 0  246.385  0.   0.9814
2085 1 1 0 0 0  144.849  0.   0.9930
2086 1 1 0 0 0   56.136  0.   1.0056
2087 1 1 0 0 0  327.188  0.   1.0175
2088 1 1 0 0 0  238.025  0.   1.0276
2089 1 1 0 0 0  135.634  0.   1.0346
2090 1 1 0 0 0   46.214  0.   1.0377
2091 1 1 0 0 0  316.777  0.   1.0365
2092 1 1 0 0 0  227.401  0.   1.0312
2093 1 1 0 0 0  125.093  0.   1.0223
2094 1 1 0 0 0   36.044  0.   1.0110
2095 1 1 0 0 0  307.227  0.   0.9986
2096 1 1 0 0 0  218.650  0.   0.9864
2097 1 1 0 0 0  117.238  0.   0.9757
2098 1 1 0 0 0   29.078  0.   0.9679
2099 1 1 0 0 0  301.039  0.   0.9638
2100 1 1 0 0 0  213.046  0.   0.9636
2101 1 1 0 0 0  111.948  0.   0.9676
2102 1 1 0 0 0   23.795  0.   0.9752
2103 1 1 0 0 0  295.460  0.   0.9857
2104 1 1 0 0 0  206.898  0.   0.9978
2105 1 1 0 0 0  105.028  0.   1.0103
2106 1 1 0 0 0   15.992  0.   1.0217
2107 1 1 0 0 0  286.759  0.   1.0307
2108 1 1 0 0 0  197.390  0.   1.0363
2109 1 1 0 0 0   94.885  0.   1.0377
2110 1 1 0 0 0    5.462  0.   1.0349
2111 1 1 0 0 0  276.130  0.   1.0281
2112 1 1 0 0 0  186.957  0.   1.0182
2113 1 1 0 0 0   84.927  0.   1.0062
2114 1 1 0 0 0  356.203  0.   0.9937
2115 1 1 0 0 0  267.718  0.   0.9820
2116 1 1 0 0 0  179.448  0.   0.9724
2117 1 1 0 0 0   78.281  0.   0.9658
2118 1 1 0 0 0  350.270  0.   0.9632
2119 1 1 0 0 0  262.271  0.   0.9647
2120 1 1 0 0 0  174.201  0.   0.9701
2121 1 1 0 0 0   72.920  0.   0.9790
2122 1 1 0 0 0  344.501  0.   0.9903
2123 1 1 0 0 0  255.845  0.   1.0027
2124 1 1 0 0 0  166.947  0.   1.0149
2125 1 1 0 0 0   64.762  0.   1.0256
2126 1 1 0 0 0  335.469  0.   1.0333
2127 1 1 0 0 0  246.064  0.   1.0373
2128 1 1 0 0 0  156.624  0.   1.0371
2129 1 1 0 0 0   54.160  0.   1.0327
2130 1 1 0 0 0  324.884  0.   1.0246
2131 1 1 0 0 0  235.787  0.   1.0137
2132 1 1 0 0 0  146.914  0.   1.0014
2133 1 1 0 0 0   45.221  0.   0.9890
2134 1 1 0 0 0  316.824  0.   0.9779
2135 1 1 0 0 0  228.625  0.   0.9694
2136 1 1 0 0 0  140.566  0.   0.9644
2137 1 1 0 0 0   39.505  0.   0.9633
2138 1 1 0 0 0  311.487  0.   0.9664
2139 1 1 0 0 0  223.369  0.   0.9732
2140 1 1 0 0 0  135.077  0.   0.9831
2141 1 1 0 0 0   33.505  0.   0.9950
2142 1 1 0 0 0  304.754  0.   1.0076
2143 1 1 0 0 0  215.767  0.   1.0193
2144 1 1 0 0 0  126.576  0.   1.0290
2145 1 1 0 0 0   24.162  0.   1.0354
2146 1 1 0 0 0  294.736  0.   1.0378
2147 1 1 0 0 0  205.302  0.   1.0359
2148 1 1 0 0 0  115.944  0.   1.0299
2149 1 1 0 0 0   13.662  0.   1.0206
2150 1 1 0 0 0  284.651  0.   1.0090
2151 1 1 0 0 0  195.869  0.   0.9965
2152 1 1 0 0 0  107.331  0.   0.9845
2153 1 1 0 0 0    5.955  0.   0.9743
2154 1 1 0 0 0  277.816  0.   0.9670
2155 1 1 0 0 0  189.793  0.   0.9635
2156 1 1 0 0 0  101.796  0.   0.9640
2157 1 1 0 0 0    0.684  0.   0.9686
2158 1 1 0 0 0  272.508  0.   0.9768
2159 1 1 0 0 0  184.136  0.   0.9876
2160 1 1 0 0 0   95.537  0.   0.9999
2161 1 1 0 0 0  353.627  0.   1.0123
2162 1 1 0 0 0  264.557  0.   1.0234
2163 1 1 0 0 0  175.297  0.   1.0319
2164 1 1 0 0 0   85.913  0.   1.0368
2165 1 1 0 0 0  343.405  0.   1.0376
2166 1 1 0 0 0  253.994  0.   1.0340
2167 1 1 0 0 0  164.681  0.   1.0267
2168 1 1 0 0 0   75.541  0.   1.0164
2169 1 1 0 0 0  333.545  0.   1.0042
2170 1 1 0 0 0  244.861  0.   0.9917
2171 1 1 0 0 0  156.412  0.   0.9803
2172 1 1 0 0 0   68.175  0.   0.9711
2173 1 1 0 0 0  327.026  0.   0.9652
2174 1 1 0 0 0  239.025  0.   0.9632
2175 1 1 0 0 0  151.017  0.   0.9653
2176 1 1 0 0 0   62.929  0.   0.9714
2177 1 1 0 0 0  321.619  0.   0.9807
2178 1 1 0 0 0  233.164  0.   0.9922
2179 1 1 0 0 0  144.466  0.   1.0047
2180 1 1 0 0 0   55.534  0.   1.0168
2181 1 1 0 0 0  313.316  0.   1.0271
2182 1 1 0 0 0  224.002  0.   1.0343
2183 1 1 0 0 0  134.585  0.   1.0376
2184 1 1 0 0 0   45.147  0.   1.0367
2185 1 1 0 0 0  302.699  0.   1.0316
2186 1 1 0 0 0  213.448  0.   1.0230
2187 1 1 0 0 0  124.383  0.   1.0118
2188 1 1 0 0 0   35.552  0.   0.9994
2189 1 1 0 0 0  293.894  0.   0.9871
2190 1 1 0 0 0  205.530  0.   0.9764
2191 1 1 0 0 0  117.361  0.   0.9683
2192 1 1 0 0 0   29.315  0.   0.9639
2193 1 1 0 0 0  288.260  0.   0.9635
2194 1 1 0 0 0  200.227  0.   0.9672
2195 1 1 0 0 0  112.086  0.   0.9746
2196 1 1 0 0 0   23.766  0.   0.9849
2197 1 1 0 0 0  282.153  0.   0.9970
2198 1 1 0 0 0  193.361  0.   1.0095
2199 1 1 0 0 0  104.341  0.   1.0211
