M1   degrees/h:
   14.49669    
Year M D h m s  V0+u(deg)     f
1950 1 1 0 0 0  138.991  0.   0.0000
1951 1 1 0 0 0   49.904  0.   0.0000
1952 1 1 0 0 0    0.891  0.   0.0000
1953 1 1 0 0 0  254.673  0.   0.0000
1954 1 1 0 0 0  146.624  0.   0.0000
1955 1 1 0 0 0   50.745  0.   0.0000
1956 1 1 0 0 0  355.693  0.   0.0000
1957 1 1 0 0 0  255.971  0.   0.0000
1958 1 1 0 0 0  146.498  0.   0.0000
1959 1 1 0 0 0   37.188  0.   0.0000
1960 1 1 0 0 0  307.063  0.   0.0000
1961 1 1 0 0 0  231.325  0.   0.0000
1962 1 1 0 0 0  136.020  0.   0.0000
1963 1 1 0 0 0   26.262  0.   0.0000
1964 1 1 0 0 0  280.396  0.   0.0000
1965 1 1 0 0 0  197.499  0.   0.0000
1966 1 1 0 0 0  132.729  0.   0.0000
1967 1 1 0 0 0   29.566  0.   0.0000
1968 1 1 0 0 0  283.162  0.   0.0000
1969 1 1 0 0 0  193.877  0.   0.0000
1970 1 1 0 0 0  138.589  0.   0.0000
1971 1 1 0 0 0   37.941  0.   0.0000
1972 1 1 0 0 0  290.728  0.   0.0000
1973 1 1 0 0 0  193.565  0.   0.0000
1974 1 1 0 0 0  139.490  0.   0.0000
1975 1 1 0 0 0   41.854  0.   0.0000
1976 1 1 0 0 0  291.732  0.   0.0000
1977 1 1 0 0 0  175.849  0.   0.0000
1978 1 1 0 0 0  103.151  0.   0.0000
1979 1 1 0 0 0   27.661  0.   0.0000
1980 1 1 0 0 0  282.444  0.   0.0000
1981 1 1 0 0 0  159.187  0.   0.0000
1982 1 1 0 0 0   58.405  0.   0.0000
1983 1 1 0 0 0  359.252  0.   0.0000
1984 1 1 0 0 0  279.141  0.   0.0000
1985 1 1 0 0 0  160.449  0.   0.0000
1986 1 1 0 0 0   56.696  0.   0.0000
1987 1 1 0 0 0  353.093  0.   0.0000
1988 1 1 0 0 0  285.390  0.   0.0000
1989 1 1 0 0 0  168.667  0.   0.0000
1990 1 1 0 0 0   63.672  0.   0.0000
1991 1 1 0 0 0  352.706  0.   0.0000
1992 1 1 0 0 0  289.884  0.   0.0000
1993 1 1 0 0 0  174.251  0.   0.0000
1994 1 1 0 0 0   65.237  0.   0.0000
1995 1 1 0 0 0  331.557  0.   0.0000
1996 1 1 0 0 0  270.150  0.   0.0000
1997 1 1 0 0 0  166.330  0.   0.0000
1998 1 1 0 0 0   56.099  0.   0.0000
1999 1 1 0 0 0  305.673  0.   0.0000
2000 1 1 0 0 0  214.202  0.   0.0000
2001 1 1 0 0 0  145.441  0.   0.0000
2002 1 1 0 0 0   52.095  0.   0.0000
2003 1 1 0 0 0  303.772  0.   0.0000
2004 1 1 0 0 0  204.725  0.   0.0000
2005 1 1 0 0 0  139.722  0.   0.0000
2006 1 1 0 0 0   58.223  0.   0.0000
2007 1 1 0 0 0  311.444  0.   0.0000
2008 1 1 0 0 0  210.380  0.   0.0000
2009 1 1 0 0 0  141.084  0.   0.0000
2010 1 1 0 0 0   64.770  0.   0.0000
2011 1 1 0 0 0  318.104  0.   0.0000
2012 1 1 0 0 0  211.975  0.   0.0000
2013 1 1 0 0 0  121.637  0.   0.0000
2014 1 1 0 0 0   56.450  0.   0.0000
2015 1 1 0 0 0  313.993  0.   0.0000
2016 1 1 0 0 0  201.979  0.   0.0000
2017 1 1 0 0 0   82.780  0.   0.0000
2018 1 1 0 0 0    5.652  0.   0.0000
2019 1 1 0 0 0  298.652  0.   0.0000
2020 1 1 0 0 0  196.476  0.   0.0000
2021 1 1 0 0 0   75.674  0.   0.0000
2022 1 1 0 0 0  344.474  0.   0.0000
2023 1 1 0 0 0  294.448  0.   0.0000
2024 1 1 0 0 0  202.043  0.   0.0000
2025 1 1 0 0 0   82.313  0.   0.0000
2026 1 1 0 0 0  347.690  0.   0.0000
2027 1 1 0 0 0  298.132  0.   0.0000
2028 1 1 0 0 0  209.727  0.   0.0000
2029 1 1 0 0 0   89.610  0.   0.0000
2030 1 1 0 0 0  348.678  0.   0.0000
2031 1 1 0 0 0  286.565  0.   0.0000
2032 1 1 0 0 0  207.885  0.   0.0000
2033 1 1 0 0 0   87.915  0.   0.0000
2034 1 1 0 0 0  336.560  0.   0.0000
2035 1 1 0 0 0  237.123  0.   0.0000
2036 1 1 0 0 0  172.534  0.   0.0000
2037 1 1 0 0 0   76.041  0.   0.0000
2038 1 1 0 0 0  328.534  0.   0.0000
2039 1 1 0 0 0  221.000  0.   0.0000
2040 1 1 0 0 0  141.371  0.   0.0000
2041 1 1 0 0 0   73.019  0.   0.0000
2042 1 1 0 0 0  333.119  0.   0.0000
2043 1 1 0 0 0  225.888  0.   0.0000
2044 1 1 0 0 0  140.911  0.   0.0000
2045 1 1 0 0 0   78.401  0.   0.0000
2046 1 1 0 0 0  341.370  0.   0.0000
2047 1 1 0 0 0  233.434  0.   0.0000
2048 1 1 0 0 0  140.812  0.   0.0000
2049 1 1 0 0 0   75.037  0.   0.0000
2050 1 1 0 0 0  343.298  0.   0.0000
2051 1 1 0 0 0  233.294  0.   0.0000
2052 1 1 0 0 0  125.152  0.   0.0000
2053 1 1 0 0 0   27.730  0.   0.0000
2054 1 1 0 0 0  322.041  0.   0.0000
2055 1 1 0 0 0  223.288  0.   0.0000
2056 1 1 0 0 0  113.009  0.   0.0000
2057 1 1 0 0 0  356.488  0.   0.0000
2058 1 1 0 0 0  290.596  0.   0.0000
2059 1 1 0 0 0  220.655  0.   0.0000
2060 1 1 0 0 0  116.083  0.   0.0000
2061 1 1 0 0 0  358.397  0.   0.0000
2062 1 1 0 0 0  286.434  0.   0.0000
2063 1 1 0 0 0  226.895  0.   0.0000
2064 1 1 0 0 0  124.474  0.   0.0000
2065 1 1 0 0 0    5.757  0.   0.0000
2066 1 1 0 0 0  285.443  0.   0.0000
2067 1 1 0 0 0  228.901  0.   0.0000
2068 1 1 0 0 0  128.731  0.   0.0000
2069 1 1 0 0 0    6.531  0.   0.0000
2070 1 1 0 0 0  265.154  0.   0.0000
2071 1 1 0 0 0  196.867  0.   0.0000
2072 1 1 0 0 0  116.406  0.   0.0000
2073 1 1 0 0 0  357.236  0.   0.0000
2074 1 1 0 0 0  246.203  0.   0.0000
2075 1 1 0 0 0  148.032  0.   0.0000
2076 1 1 0 0 0   91.371  0.   0.0000
2077 1 1 0 0 0  354.307  0.   0.0000
2078 1 1 0 0 0  246.996  0.   0.0000
2079 1 1 0 0 0  144.768  0.   0.0000
2080 1 1 0 0 0   85.915  0.   0.0000
2081 1 1 0 0 0    0.789  0.   0.0000
2082 1 1 0 0 0  255.154  0.   0.0000
2083 1 1 0 0 0  151.383  0.   0.0000
2084 1 1 0 0 0   85.691  0.   0.0000
2085 1 1 0 0 0    5.909  0.   0.0000
2086 1 1 0 0 0  260.912  0.   0.0000
2087 1 1 0 0 0  152.533  0.   0.0000
2088 1 1 0 0 0   62.947  0.   0.0000
2089 1 1 0 0 0  349.648  0.   0.0000
2090 1 1 0 0 0  253.951  0.   0.0000
2091 1 1 0 0 0  142.941  0.   0.0000
2092 1 1 0 0 0   33.263  0.   0.0000
2093 1 1 0 0 0  294.003  0.   0.0000
2094 1 1 0 0 0  235.637  0.   0.0000
2095 1 1 0 0 0  138.996  0.   0.0000
2096 1 1 0 0 0   30.473  0.   0.0000
2097 1 1 0 0 0  281.904  0.   0.0000
2098 1 1 0 0 0  231.246  0.   0.0000
2099 1 1 0 0 0  145.224  0.   0.0000
2100 1 1 0 0 0   37.988  0.   0.0000
2101 1 1 0 0 0  286.928  0.   0.0000
2102 1 1 0 0 0  233.376  0.   0.0000
2103 1 1 0 0 0  152.109  0.   0.0000
2104 1 1 0 0 0   44.714  0.   0.0000
2105 1 1 0 0 0  287.839  0.   0.0000
2106 1 1 0 0 0  214.897  0.   0.0000
2107 1 1 0 0 0  145.680  0.   0.0000
2108 1 1 0 0 0   41.055  0.   0.0000
2109 1 1 0 0 0  276.820  0.   0.0000
2110 1 1 0 0 0  171.503  0.   0.0000
2111 1 1 0 0 0   99.185  0.   0.0000
2112 1 1 0 0 0   27.300  0.   0.0000
2113 1 1 0 0 0  271.050  0.   0.0000
2114 1 1 0 0 0  162.691  0.   0.0000
2115 1 1 0 0 0   75.377  0.   0.0000
2116 1 1 0 0 0   24.282  0.   0.0000
2117 1 1 0 0 0  276.618  0.   0.0000
2118 1 1 0 0 0  169.029  0.   0.0000
2119 1 1 0 0 0   77.662  0.   0.0000
2120 1 1 0 0 0   28.711  0.   0.0000
2121 1 1 0 0 0  284.487  0.   0.0000
2122 1 1 0 0 0  176.303  0.   0.0000
2123 1 1 0 0 0   77.754  0.   0.0000
2124 1 1 0 0 0   19.306  0.   0.0000
2125 1 1 0 0 0  283.646  0.   0.0000
2126 1 1 0 0 0  174.741  0.   0.0000
2127 1 1 0 0 0   63.971  0.   0.0000
2128 1 1 0 0 0  327.901  0.   0.0000
2129 1 1 0 0 0  252.957  0.   0.0000
2130 1 1 0 0 0  163.713  0.   0.0000
2131 1 1 0 0 0   55.208  0.   0.0000
2132 1 1 0 0 0  308.581  0.   0.0000
2133 1 1 0 0 0  222.037  0.   0.0000
2134 1 1 0 0 0  161.530  0.   0.0000
2135 1 1 0 0 0   59.669  0.   0.0000
2136 1 1 0 0 0  312.925  0.   0.0000
2137 1 1 0 0 0  220.603  0.   0.0000
2138 1 1 0 0 0  167.421  0.   0.0000
2139 1 1 0 0 0   67.996  0.   0.0000
2140 1 1 0 0 0  320.349  0.   0.0000
2141 1 1 0 0 0  219.507  0.   0.0000
2142 1 1 0 0 0  165.686  0.   0.0000
2143 1 1 0 0 0   70.457  0.   0.0000
2144 1 1 0 0 0  320.119  0.   0.0000
2145 1 1 0 0 0  201.332  0.   0.0000
2146 1 1 0 0 0  121.065  0.   0.0000
2147 1 1 0 0 0   52.071  0.   0.0000
2148 1 1 0 0 0  310.417  0.   0.0000
2149 1 1 0 0 0  187.671  0.   0.0000
2150 1 1 0 0 0   85.066  0.   0.0000
2151 1 1 0 0 0   23.548  0.   0.0000
2152 1 1 0 0 0  308.299  0.   0.0000
2153 1 1 0 0 0  190.459  0.   0.0000
2154 1 1 0 0 0   85.973  0.   0.0000
2155 1 1 0 0 0   19.302  0.   0.0000
2156 1 1 0 0 0  314.853  0.   0.0000
2157 1 1 0 0 0  198.844  0.   0.0000
2158 1 1 0 0 0   93.087  0.   0.0000
2159 1 1 0 0 0   17.890  0.   0.0000
2160 1 1 0 0 0  317.802  0.   0.0000
2161 1 1 0 0 0  203.387  0.   0.0000
2162 1 1 0 0 0   93.561  0.   0.0000
2163 1 1 0 0 0  355.027  0.   0.0000
2164 1 1 0 0 0  290.173  0.   0.0000
2165 1 1 0 0 0  192.626  0.   0.0000
2166 1 1 0 0 0   84.112  0.   0.0000
2167 1 1 0 0 0  333.346  0.   0.0000
2168 1 1 0 0 0  238.280  0.   0.0000
2169 1 1 0 0 0  170.818  0.   0.0000
2170 1 1 0 0 0   81.415  0.   0.0000
2171 1 1 0 0 0  333.576  0.   0.0000
2172 1 1 0 0 0  233.208  0.   0.0000
2173 1 1 0 0 0  166.418  0.   0.0000
2174 1 1 0 0 0   88.066  0.   0.0000
2175 1 1 0 0 0  341.647  0.   0.0000
2176 1 1 0 0 0  239.388  0.   0.0000
2177 1 1 0 0 0  166.692  0.   0.0000
2178 1 1 0 0 0   93.706  0.   0.0000
2179 1 1 0 0 0  347.547  0.   0.0000
2180 1 1 0 0 0  240.017  0.   0.0000
2181 1 1 0 0 0  143.061  0.   0.0000
2182 1 1 0 0 0   80.414  0.   0.0000
2183 1 1 0 0 0  341.365  0.   0.0000
2184 1 1 0 0 0  229.795  0.   0.0000
2185 1 1 0 0 0  108.993  0.   0.0000
2186 1 1 0 0 0   26.525  0.   0.0000
2187 1 1 0 0 0  325.233  0.   0.0000
2188 1 1 0 0 0  225.804  0.   0.0000
2189 1 1 0 0 0  105.130  0.   0.0000
2190 1 1 0 0 0   11.695  0.   0.0000
2191 1 1 0 0 0  322.110  0.   0.0000
2192 1 1 0 0 0  232.087  0.   0.0000
2193 1 1 0 0 0  112.453  0.   0.0000
2194 1 1 0 0 0   16.004  0.   0.0000
2195 1 1 0 0 0  325.071  0.   0.0000
2196 1 1 0 0 0  239.259  0.   0.0000
2197 1 1 0 0 0  119.208  0.   0.0000
2198 1 1 0 0 0   16.132  0.   0.0000
2199 1 1 0 0 0  308.316  0.   0.0000
