MF   degrees/h:
   1.098033    
Year M D h m s  V0+u(deg)     f
1950 1 1 0 0 0  124.710  0.   1.4431
1951 1 1 0 0 0   29.973  0.   1.4487
1952 1 1 0 0 0  295.096  0.   1.4099
1953 1 1 0 0 0  226.054  0.   1.3301
1954 1 1 0 0 0  129.659  0.   1.2181
1955 1 1 0 0 0   31.748  0.   1.0854
1956 1 1 0 0 0  291.689  0.   0.9466
1957 1 1 0 0 0  215.167  0.   0.8172
1958 1 1 0 0 0  109.008  0.   0.7130
1959 1 1 0 0 0  359.711  0.   0.6463
1960 1 1 0 0 0  248.474  0.   0.6254
1961 1 1 0 0 0  163.717  0.   0.6529
1962 1 1 0 0 0   54.807  0.   0.7253
1963 1 1 0 0 0  309.110  0.   0.8338
1964 1 1 0 0 0  206.657  0.   0.9651
1965 1 1 0 0 0  133.288  0.   1.1044
1966 1 1 0 0 0   35.620  0.   1.2350
1967 1 1 0 0 0  299.390  0.   1.3432
1968 1 1 0 0 0  204.075  0.   1.4176
1969 1 1 0 0 0  135.610  0.   1.4506
1970 1 1 0 0 0   40.864  0.   1.4388
1971 1 1 0 0 0  305.828  0.   1.3835
1972 1 1 0 0 0  210.094  0.   1.2902
1973 1 1 0 0 0  139.547  0.   1.1683
1974 1 1 0 0 0   40.881  0.   1.0314
1975 1 1 0 0 0  299.808  0.   0.8945
1976 1 1 0 0 0  195.701  0.   0.7733
1977 1 1 0 0 0  114.597  0.   0.6821
1978 1 1 0 0 0    4.342  0.   0.6325
1979 1 1 0 0 0  252.894  0.   0.6303
1980 1 1 0 0 0  142.453  0.   0.6759
1981 1 1 0 0 0   61.061  0.   0.7638
1982 1 1 0 0 0  316.661  0.   0.8828
1983 1 1 0 0 0  215.341  0.   1.0190
1984 1 1 0 0 0  116.488  0.   1.1565
1985 1 1 0 0 0   45.807  0.   1.2804
1986 1 1 0 0 0  309.989  0.   1.3766
1987 1 1 0 0 0  214.909  0.   1.4356
1988 1 1 0 0 0  120.154  0.   1.4514
1989 1 1 0 0 0   51.712  0.   1.4223
1990 1 1 0 0 0  316.457  0.   1.3514
1991 1 1 0 0 0  220.328  0.   1.2458
1992 1 1 0 0 0  122.812  0.   1.1166
1993 1 1 0 0 0   49.652  0.   0.9774
1994 1 1 0 0 0  307.467  0.   0.8448
1995 1 1 0 0 0  202.070  0.   0.7337
1996 1 1 0 0 0   93.421  0.   0.6576
1997 1 1 0 0 0    8.787  0.   0.6258
1998 1 1 0 0 0  257.472  0.   0.6425
1999 1 1 0 0 0  147.937  0.   0.7054
2000 1 1 0 0 0   41.479  0.   0.8067
2001 1 1 0 0 0  324.677  0.   0.9345
2002 1 1 0 0 0  224.395  0.   1.0731
2003 1 1 0 0 0  126.319  0.   1.2069
2004 1 1 0 0 0   29.812  0.   1.3213
2005 1 1 0 0 0  320.701  0.   1.4043
2006 1 1 0 0 0  225.792  0.   1.4471
2007 1 1 0 0 0  131.058  0.   1.4454
2008 1 1 0 0 0   36.122  0.   1.3996
2009 1 1 0 0 0  326.953  0.   1.3140
2010 1 1 0 0 0  230.352  0.   1.1977
2011 1 1 0 0 0  132.139  0.   1.0630
2012 1 1 0 0 0   31.670  0.   0.9247
2013 1 1 0 0 0  314.639  0.   0.7983
2014 1 1 0 0 0  207.940  0.   0.6994
2015 1 1 0 0 0   98.219  0.   0.6397
2016 1 1 0 0 0  346.853  0.   0.6265
2017 1 1 0 0 0  262.328  0.   0.6617
2018 1 1 0 0 0  153.896  0.   0.7407
2019 1 1 0 0 0   48.742  0.   0.8538
2020 1 1 0 0 0  306.773  0.   0.9874
2021 1 1 0 0 0  233.782  0.   1.1264
2022 1 1 0 0 0  136.384  0.   1.2543
2023 1 1 0 0 0   40.334  0.   1.3578
2024 1 1 0 0 0  305.125  0.   1.4259
2025 1 1 0 0 0  236.702  0.   1.4518
2026 1 1 0 0 0  141.935  0.   1.4327
2027 1 1 0 0 0   46.815  0.   1.3708
2028 1 1 0 0 0  310.926  0.   1.2722
2029 1 1 0 0 0  240.135  0.   1.1469
2030 1 1 0 0 0  141.126  0.   1.0089
2031 1 1 0 0 0   39.602  0.   0.8735
2032 1 1 0 0 0  294.963  0.   0.7562
2033 1 1 0 0 0  213.338  0.   0.6711
2034 1 1 0 0 0  102.755  0.   0.6288
2035 1 1 0 0 0  351.320  0.   0.6345
2036 1 1 0 0 0  241.228  0.   0.6874
2037 1 1 0 0 0  160.362  0.   0.7812
2038 1 1 0 0 0   56.491  0.   0.9041
2039 1 1 0 0 0  315.615  0.   1.0415
2040 1 1 0 0 0  217.097  0.   1.1778
2041 1 1 0 0 0  146.651  0.   1.2981
2042 1 1 0 0 0   50.983  0.   1.3889
2043 1 1 0 0 0  315.981  0.   1.4412
2044 1 1 0 0 0  221.240  0.   1.4497
2045 1 1 0 0 0  152.756  0.   1.4136
2046 1 1 0 0 0   57.391  0.   1.3364
2047 1 1 0 0 0  321.075  0.   1.2262
2048 1 1 0 0 0  223.281  0.   1.0944
2049 1 1 0 0 0  149.738  0.   0.9552
2050 1 1 0 0 0   47.064  0.   0.8250
2051 1 1 0 0 0  301.125  0.   0.7188
2052 1 1 0 0 0  192.009  0.   0.6493
2053 1 1 0 0 0  107.164  0.   0.6252
2054 1 1 0 0 0  356.004  0.   0.6497
2055 1 1 0 0 0  246.908  0.   0.7194
2056 1 1 0 0 0  140.992  0.   0.8258
2057 1 1 0 0 0   64.692  0.   0.9565
2058 1 1 0 0 0  324.811  0.   1.0954
2059 1 1 0 0 0  227.029  0.   1.2270
2060 1 1 0 0 0  130.722  0.   1.3371
2061 1 1 0 0 0   61.734  0.   1.4141
2062 1 1 0 0 0  326.880  0.   1.4498
2063 1 1 0 0 0  232.139  0.   1.4410
2064 1 1 0 0 0  137.134  0.   1.3883
2065 1 1 0 0 0   67.825  0.   1.2970
2066 1 1 0 0 0  331.003  0.   1.1769
2067 1 1 0 0 0  232.471  0.   1.0405
2068 1 1 0 0 0  131.576  0.   0.9031
2069 1 1 0 0 0   54.021  0.   0.7801
2070 1 1 0 0 0  306.789  0.   0.6869
2071 1 1 0 0 0  196.680  0.   0.6343
2072 1 1 0 0 0   85.243  0.   0.6290
2073 1 1 0 0 0    1.006  0.   0.6717
2074 1 1 0 0 0  253.075  0.   0.7570
2075 1 1 0 0 0  148.460  0.   0.8744
2076 1 1 0 0 0   46.960  0.   1.0099
2077 1 1 0 0 0  334.327  0.   1.1482
2078 1 1 0 0 0  237.186  0.   1.2730
2079 1 1 0 0 0  141.304  0.   1.3714
2080 1 1 0 0 0   46.189  0.   1.4330
2081 1 1 0 0 0  337.792  0.   1.4517
2082 1 1 0 0 0  242.994  0.   1.4255
2083 1 1 0 0 0  147.780  0.   1.3571
2084 1 1 0 0 0   51.723  0.   1.2535
2085 1 1 0 0 0  340.674  0.   1.1251
2086 1 1 0 0 0  241.310  0.   0.9865
2087 1 1 0 0 0  139.314  0.   0.8529
2088 1 1 0 0 0   34.140  0.   0.7400
2089 1 1 0 0 0  312.015  0.   0.6611
2090 1 1 0 0 0  201.151  0.   0.6264
2091 1 1 0 0 0   89.789  0.   0.6400
2092 1 1 0 0 0  340.086  0.   0.7000
2093 1 1 0 0 0  259.752  0.   0.7994
2094 1 1 0 0 0  156.400  0.   0.9257
2095 1 1 0 0 0   55.950  0.   1.0640
2096 1 1 0 0 0  317.750  0.   1.1986
2097 1 1 0 0 0  247.524  0.   1.3150
2098 1 1 0 0 0  151.993  0.   1.4001
2099 1 1 0 0 0   57.060  0.   1.4456
2100 1 1 0 0 0  322.326  0.   1.4469
2101 1 1 0 0 0  253.787  0.   1.4037
2102 1 1 0 0 0  158.300  0.   1.3206
2103 1 1 0 0 0   61.784  0.   1.2060
2104 1 1 0 0 0  323.695  0.   1.0721
2105 1 1 0 0 0  249.744  0.   0.9332
2106 1 1 0 0 0  146.568  0.   0.8058
2107 1 1 0 0 0   40.087  0.   0.7048
2108 1 1 0 0 0  290.533  0.   0.6422
2109 1 1 0 0 0  205.540  0.   0.6259
2110 1 1 0 0 0   94.591  0.   0.6580
2111 1 1 0 0 0  345.963  0.   0.7344
2112 1 1 0 0 0  240.590  0.   0.8456
2113 1 1 0 0 0  164.783  0.   0.9788
2114 1 1 0 0 0   65.286  0.   1.1175
2115 1 1 0 0 0  327.782  0.   1.2466
2116 1 1 0 0 0  231.661  0.   1.3520
2117 1 1 0 0 0  162.779  0.   1.4228
2118 1 1 0 0 0   67.969  0.   1.4515
2119 1 1 0 0 0  333.211  0.   1.4353
2120 1 1 0 0 0  238.127  0.   1.3760
2121 1 1 0 0 0  168.666  0.   1.2793
2122 1 1 0 0 0   71.610  0.   1.1556
2123 1 1 0 0 0  332.742  0.   1.0180
2124 1 1 0 0 0  231.402  0.   0.8819
2125 1 1 0 0 0  153.321  0.   0.7628
2126 1 1 0 0 0   45.566  0.   0.6754
2127 1 1 0 0 0  295.110  0.   0.6301
2128 1 1 0 0 0  183.663  0.   0.6327
2129 1 1 0 0 0   99.754  0.   0.6828
2130 1 1 0 0 0  352.341  0.   0.7741
2131 1 1 0 0 0  248.257  0.   0.8954
2132 1 1 0 0 0  147.204  0.   1.0324
2133 1 1 0 0 0   74.914  0.   1.1696
2134 1 1 0 0 0  338.014  0.   1.2910
2135 1 1 0 0 0  242.286  0.   1.3840
2136 1 1 0 0 0  147.254  0.   1.4391
2137 1 1 0 0 0   78.881  0.   1.4505
2138 1 1 0 0 0  344.043  0.   1.4172
2139 1 1 0 0 0  248.724  0.   1.3426
2140 1 1 0 0 0  152.489  0.   1.2342
2141 1 1 0 0 0   81.168  0.   1.1030
2142 1 1 0 0 0  341.421  0.   0.9641
2143 1 1 0 0 0  238.946  0.   0.8329
2144 1 1 0 0 0  133.226  0.   0.7247
2145 1 1 0 0 0   50.626  0.   0.6524
2146 1 1 0 0 0  299.528  0.   0.6253
2147 1 1 0 0 0  188.303  0.   0.6466
2148 1 1 0 0 0   79.022  0.   0.7136
2149 1 1 0 0 0  359.233  0.   0.8183
2150 1 1 0 0 0  256.385  0.   0.9476
2151 1 1 0 0 0  156.347  0.   1.0864
2152 1 1 0 0 0   58.452  0.   1.2190
2153 1 1 0 0 0  348.429  0.   1.3311
2154 1 1 0 0 0  253.027  0.   1.4103
2155 1 1 0 0 0  158.148  0.   1.4489
2156 1 1 0 0 0   63.415  0.   1.4429
2157 1 1 0 0 0  354.811  0.   1.3928
2158 1 1 0 0 0  259.187  0.   1.3039
2159 1 1 0 0 0  162.460  0.   1.1853
2160 1 1 0 0 0   64.055  0.   1.0496
2161 1 1 0 0 0  349.687  0.   0.9114
2162 1 1 0 0 0  245.992  0.   0.7874
2163 1 1 0 0 0  138.978  0.   0.6918
2164 1 1 0 0 0   29.017  0.   0.6363
2165 1 1 0 0 0  303.929  0.   0.6279
2166 1 1 0 0 0  193.240  0.   0.6675
2167 1 1 0 0 0   85.108  0.   0.7503
2168 1 1 0 0 0  340.272  0.   0.8660
2169 1 1 0 0 0  264.947  0.   1.0012
2170 1 1 0 0 0  165.813  0.   1.1394
2171 1 1 0 0 0   68.575  0.   1.2656
2172 1 1 0 0 0  332.622  0.   1.3660
2173 1 1 0 0 0  263.843  0.   1.4304
2174 1 1 0 0 0  169.063  0.   1.4519
2175 1 1 0 0 0   74.282  0.   1.4286
2176 1 1 0 0 0  339.104  0.   1.3628
2177 1 1 0 0 0  269.484  0.   1.2608
2178 1 1 0 0 0  172.174  0.   1.1339
2179 1 1 0 0 0   72.956  0.   0.9955
2180 1 1 0 0 0  331.151  0.   0.8612
2181 1 1 0 0 0  252.532  0.   0.7462
2182 1 1 0 0 0  144.267  0.   0.6650
2183 1 1 0 0 0   33.514  0.   0.6273
2184 1 1 0 0 0  282.112  0.   0.6376
2185 1 1 0 0 0  198.582  0.   0.6950
2186 1 1 0 0 0   91.695  0.   0.7920
2187 1 1 0 0 0  348.139  0.   0.9169
2188 1 1 0 0 0  247.514  0.   1.0549
2189 1 1 0 0 0  175.554  0.   1.1906
2190 1 1 0 0 0   78.883  0.   1.3082
2191 1 1 0 0 0  343.294  0.   1.3957
2192 1 1 0 0 0  248.338  0.   1.4440
2193 1 1 0 0 0  179.968  0.   1.4481
2194 1 1 0 0 0   85.091  0.   1.4078
2195 1 1 0 0 0  349.651  0.   1.3271
2196 1 1 0 0 0  253.214  0.   1.2142
2197 1 1 0 0 0  181.607  0.   1.0808
2198 1 1 0 0 0   81.468  0.   0.9420
2199 1 1 0 0 0  338.492  0.   0.8135
