MM   degrees/h:
  0.5443747    
Year M D h m s  V0+u(deg)     f
1950 1 1 0 0 0  215.540  0.   0.8742
1951 1 1 0 0 0  304.262  0.   0.8724
1952 1 1 0 0 0   32.984  0.   0.8847
1953 1 1 0 0 0  134.772  0.   0.9097
1954 1 1 0 0 0  223.495  0.   0.9449
1955 1 1 0 0 0  312.217  0.   0.9866
1956 1 1 0 0 0   40.939  0.   1.0303
1957 1 1 0 0 0  142.727  0.   1.0709
1958 1 1 0 0 0  231.449  0.   1.1037
1959 1 1 0 0 0  320.171  0.   1.1246
1960 1 1 0 0 0   48.894  0.   1.1312
1961 1 1 0 0 0  150.680  0.   1.1226
1962 1 1 0 0 0  239.403  0.   1.0998
1963 1 1 0 0 0  328.125  0.   1.0657
1964 1 1 0 0 0   56.847  0.   1.0244
1965 1 1 0 0 0  158.635  0.   0.9807
1966 1 1 0 0 0  247.357  0.   0.9396
1967 1 1 0 0 0  336.080  0.   0.9056
1968 1 1 0 0 0   64.802  0.   0.8822
1969 1 1 0 0 0  166.590  0.   0.8718
1970 1 1 0 0 0  255.312  0.   0.8756
1971 1 1 0 0 0  344.034  0.   0.8930
1972 1 1 0 0 0   72.756  0.   0.9223
1973 1 1 0 0 0  174.544  0.   0.9606
1974 1 1 0 0 0  263.266  0.   1.0036
1975 1 1 0 0 0  351.989  0.   1.0466
1976 1 1 0 0 0   80.711  0.   1.0847
1977 1 1 0 0 0  182.499  0.   1.1134
1978 1 1 0 0 0  271.221  0.   1.1290
1979 1 1 0 0 0  359.943  0.   1.1297
1980 1 1 0 0 0   88.666  0.   1.1153
1981 1 1 0 0 0  190.453  0.   1.0877
1982 1 1 0 0 0  279.176  0.   1.0503
1983 1 1 0 0 0    7.898  0.   1.0075
1984 1 1 0 0 0   96.620  0.   0.9643
1985 1 1 0 0 0  198.406  0.   0.9254
1986 1 1 0 0 0  287.129  0.   0.8951
1987 1 1 0 0 0   15.851  0.   0.8766
1988 1 1 0 0 0  104.574  0.   0.8716
1989 1 1 0 0 0  206.362  0.   0.8808
1990 1 1 0 0 0  295.084  0.   0.9031
1991 1 1 0 0 0   23.807  0.   0.9362
1992 1 1 0 0 0  112.529  0.   0.9768
1993 1 1 0 0 0  214.316  0.   1.0206
1994 1 1 0 0 0  303.038  0.   1.0623
1995 1 1 0 0 0   31.760  0.   1.0972
1996 1 1 0 0 0  120.482  0.   1.1211
1997 1 1 0 0 0  222.271  0.   1.1311
1998 1 1 0 0 0  310.993  0.   1.1258
1999 1 1 0 0 0   39.715  0.   1.1061
2000 1 1 0 0 0  128.438  0.   1.0742
2001 1 1 0 0 0  230.225  0.   1.0341
2002 1 1 0 0 0  318.947  0.   0.9905
2003 1 1 0 0 0   47.669  0.   0.9485
2004 1 1 0 0 0  136.392  0.   0.9125
2005 1 1 0 0 0  238.180  0.   0.8864
2006 1 1 0 0 0  326.902  0.   0.8730
2007 1 1 0 0 0   55.624  0.   0.8735
2008 1 1 0 0 0  144.347  0.   0.8879
2009 1 1 0 0 0  246.134  0.   0.9148
2010 1 1 0 0 0  334.856  0.   0.9513
2011 1 1 0 0 0   63.579  0.   0.9937
2012 1 1 0 0 0  152.301  0.   1.0371
2013 1 1 0 0 0  254.089  0.   1.0769
2014 1 1 0 0 0  342.811  0.   1.1079
2015 1 1 0 0 0   71.533  0.   1.1267
2016 1 1 0 0 0  160.256  0.   1.1309
2017 1 1 0 0 0  262.042  0.   1.1198
2018 1 1 0 0 0  350.764  0.   1.0950
2019 1 1 0 0 0   79.487  0.   1.0594
2020 1 1 0 0 0  168.210  0.   1.0174
2021 1 1 0 0 0  269.998  0.   0.9737
2022 1 1 0 0 0  358.719  0.   0.9335
2023 1 1 0 0 0   87.441  0.   0.9010
2024 1 1 0 0 0  176.164  0.   0.8796
2025 1 1 0 0 0  277.952  0.   0.8715
2026 1 1 0 0 0    6.674  0.   0.8775
2027 1 1 0 0 0   95.397  0.   0.8969
2028 1 1 0 0 0  184.119  0.   0.9279
2029 1 1 0 0 0  285.906  0.   0.9673
2030 1 1 0 0 0   14.628  0.   1.0107
2031 1 1 0 0 0  103.351  0.   1.0532
2032 1 1 0 0 0  192.073  0.   1.0901
2033 1 1 0 0 0  293.859  0.   1.1169
2034 1 1 0 0 0   22.582  0.   1.1301
2035 1 1 0 0 0  111.304  0.   1.1283
2036 1 1 0 0 0  200.026  0.   1.1117
2037 1 1 0 0 0  301.815  0.   1.0822
2038 1 1 0 0 0   30.538  0.   1.0436
2039 1 1 0 0 0  119.260  0.   1.0004
2040 1 1 0 0 0  207.982  0.   0.9576
2041 1 1 0 0 0  309.769  0.   0.9198
2042 1 1 0 0 0   38.491  0.   0.8913
2043 1 1 0 0 0  127.213  0.   0.8748
2044 1 1 0 0 0  215.936  0.   0.8721
2045 1 1 0 0 0  317.724  0.   0.8835
2046 1 1 0 0 0   46.446  0.   0.9077
2047 1 1 0 0 0  135.168  0.   0.9424
2048 1 1 0 0 0  223.891  0.   0.9838
2049 1 1 0 0 0  325.680  0.   1.0276
2050 1 1 0 0 0   54.402  0.   1.0685
2051 1 1 0 0 0  143.124  0.   1.1019
2052 1 1 0 0 0  231.847  0.   1.1237
2053 1 1 0 0 0  333.633  0.   1.1313
2054 1 1 0 0 0   62.355  0.   1.1236
2055 1 1 0 0 0  151.078  0.   1.1017
2056 1 1 0 0 0  239.800  0.   1.0682
2057 1 1 0 0 0  341.587  0.   1.0271
2058 1 1 0 0 0   70.309  0.   0.9835
2059 1 1 0 0 0  159.031  0.   0.9421
2060 1 1 0 0 0  247.754  0.   0.9075
2061 1 1 0 0 0  349.542  0.   0.8833
2062 1 1 0 0 0   78.265  0.   0.8721
2063 1 1 0 0 0  166.987  0.   0.8749
2064 1 1 0 0 0  255.709  0.   0.8914
2065 1 1 0 0 0  357.496  0.   0.9201
2066 1 1 0 0 0   86.218  0.   0.9579
2067 1 1 0 0 0  174.941  0.   1.0007
2068 1 1 0 0 0  263.663  0.   1.0439
2069 1 1 0 0 0    5.449  0.   1.0826
2070 1 1 0 0 0   94.171  0.   1.1119
2071 1 1 0 0 0  182.894  0.   1.1284
2072 1 1 0 0 0  271.616  0.   1.1301
2073 1 1 0 0 0   13.405  0.   1.1167
2074 1 1 0 0 0  102.127  0.   1.0899
2075 1 1 0 0 0  190.850  0.   1.0530
2076 1 1 0 0 0  279.574  0.   1.0104
2077 1 1 0 0 0   21.360  0.   0.9669
2078 1 1 0 0 0  110.083  0.   0.9277
2079 1 1 0 0 0  198.805  0.   0.8968
2080 1 1 0 0 0  287.527  0.   0.8774
2081 1 1 0 0 0   29.314  0.   0.8715
2082 1 1 0 0 0  118.037  0.   0.8797
2083 1 1 0 0 0  206.759  0.   0.9012
2084 1 1 0 0 0  295.481  0.   0.9338
2085 1 1 0 0 0   37.268  0.   0.9742
2086 1 1 0 0 0  125.992  0.   1.0177
2087 1 1 0 0 0  214.712  0.   1.0597
2088 1 1 0 0 0  303.437  0.   1.0952
2089 1 1 0 0 0   45.224  0.   1.1200
2090 1 1 0 0 0  133.946  0.   1.1309
2091 1 1 0 0 0  222.668  0.   1.1266
2092 1 1 0 0 0  311.390  0.   1.1078
2093 1 1 0 0 0   53.177  0.   1.0765
2094 1 1 0 0 0  141.899  0.   1.0368
2095 1 1 0 0 0  230.621  0.   0.9934
2096 1 1 0 0 0  319.344  0.   0.9511
2097 1 1 0 0 0   61.131  0.   0.9145
2098 1 1 0 0 0  149.853  0.   0.8877
2099 1 1 0 0 0  238.575  0.   0.8734
2100 1 1 0 0 0  327.298  0.   0.8730
2101 1 1 0 0 0   69.086  0.   0.8866
2102 1 1 0 0 0  157.809  0.   0.9127
2103 1 1 0 0 0  246.530  0.   0.9487
2104 1 1 0 0 0  335.253  0.   0.9908
2105 1 1 0 0 0   77.040  0.   1.0345
2106 1 1 0 0 0  165.762  0.   1.0745
2107 1 1 0 0 0  254.484  0.   1.1063
2108 1 1 0 0 0  343.206  0.   1.1259
2109 1 1 0 0 0   84.995  0.   1.1310
2110 1 1 0 0 0  173.718  0.   1.1210
2111 1 1 0 0 0  262.439  0.   1.0970
2112 1 1 0 0 0  351.162  0.   1.0620
2113 1 1 0 0 0   92.951  0.   1.0201
2114 1 1 0 0 0  181.673  0.   0.9765
2115 1 1 0 0 0  270.396  0.   0.9360
2116 1 1 0 0 0  359.118  0.   0.9029
2117 1 1 0 0 0  100.904  0.   0.8806
2118 1 1 0 0 0  189.627  0.   0.8716
2119 1 1 0 0 0  278.349  0.   0.8767
2120 1 1 0 0 0    7.071  0.   0.8953
2121 1 1 0 0 0  108.858  0.   0.9257
2122 1 1 0 0 0  197.580  0.   0.9646
2123 1 1 0 0 0  286.303  0.   1.0078
2124 1 1 0 0 0   15.025  0.   1.0506
2125 1 1 0 0 0  116.813  0.   1.0880
2126 1 1 0 0 0  205.536  0.   1.1155
2127 1 1 0 0 0  294.259  0.   1.1297
2128 1 1 0 0 0   22.980  0.   1.1289
2129 1 1 0 0 0  124.768  0.   1.1132
2130 1 1 0 0 0  213.489  0.   1.0845
2131 1 1 0 0 0  302.212  0.   1.0463
2132 1 1 0 0 0   30.935  0.   1.0033
2133 1 1 0 0 0  132.720  0.   0.9602
2134 1 1 0 0 0  221.442  0.   0.9220
2135 1 1 0 0 0  310.165  0.   0.8928
2136 1 1 0 0 0   38.887  0.   0.8755
2137 1 1 0 0 0  140.676  0.   0.8719
2138 1 1 0 0 0  229.398  0.   0.8824
2139 1 1 0 0 0  318.120  0.   0.9058
2140 1 1 0 0 0   46.845  0.   0.9399
2141 1 1 0 0 0  148.631  0.   0.9811
2142 1 1 0 0 0  237.354  0.   1.0247
2143 1 1 0 0 0  326.076  0.   1.0660
2144 1 1 0 0 0   54.798  0.   1.1000
2145 1 1 0 0 0  156.587  0.   1.1227
2146 1 1 0 0 0  245.308  0.   1.1312
2147 1 1 0 0 0  334.031  0.   1.1245
2148 1 1 0 0 0   62.752  0.   1.1035
2149 1 1 0 0 0  164.541  0.   1.0706
2150 1 1 0 0 0  253.261  0.   1.0299
2151 1 1 0 0 0  341.985  0.   0.9863
2152 1 1 0 0 0   70.709  0.   0.9447
2153 1 1 0 0 0  172.494  0.   0.9094
2154 1 1 0 0 0  261.219  0.   0.8845
2155 1 1 0 0 0  349.938  0.   0.8724
2156 1 1 0 0 0   78.663  0.   0.8743
2157 1 1 0 0 0  180.452  0.   0.8900
2158 1 1 0 0 0  269.172  0.   0.9180
2159 1 1 0 0 0  357.896  0.   0.9552
2160 1 1 0 0 0   86.617  0.   0.9979
2161 1 1 0 0 0  188.405  0.   1.0413
2162 1 1 0 0 0  277.126  0.   1.0803
2163 1 1 0 0 0    5.850  0.   1.1103
2164 1 1 0 0 0   94.570  0.   1.1278
2165 1 1 0 0 0  196.359  0.   1.1304
2166 1 1 0 0 0  285.079  0.   1.1180
2167 1 1 0 0 0   13.804  0.   1.0920
2168 1 1 0 0 0  102.524  0.   1.0556
2169 1 1 0 0 0  204.316  0.   1.0131
2170 1 1 0 0 0  293.037  0.   0.9697
2171 1 1 0 0 0   21.762  0.   0.9300
2172 1 1 0 0 0  110.481  0.   0.8985
2173 1 1 0 0 0  212.271  0.   0.8782
2174 1 1 0 0 0  300.990  0.   0.8715
2175 1 1 0 0 0   29.715  0.   0.8788
2176 1 1 0 0 0  118.436  0.   0.8995
2177 1 1 0 0 0  220.224  0.   0.9315
2178 1 1 0 0 0  308.944  0.   0.9714
2179 1 1 0 0 0   37.669  0.   1.0149
2180 1 1 0 0 0  126.389  0.   1.0571
2181 1 1 0 0 0  228.178  0.   1.0932
2182 1 1 0 0 0  316.898  0.   1.1188
2183 1 1 0 0 0   45.622  0.   1.1306
2184 1 1 0 0 0  134.343  0.   1.1274
2185 1 1 0 0 0  236.130  0.   1.1093
2186 1 1 0 0 0  324.851  0.   1.0789
2187 1 1 0 0 0   53.575  0.   1.0396
2188 1 1 0 0 0  142.295  0.   0.9962
2189 1 1 0 0 0  244.084  0.   0.9536
2190 1 1 0 0 0  332.809  0.   0.9166
2191 1 1 0 0 0   61.528  0.   0.8891
2192 1 1 0 0 0  150.253  0.   0.8740
2193 1 1 0 0 0  252.038  0.   0.8726
2194 1 1 0 0 0  340.766  0.   0.8853
2195 1 1 0 0 0   69.486  0.   0.9107
2196 1 1 0 0 0  158.206  0.   0.9462
2197 1 1 0 0 0  259.995  0.   0.9881
2198 1 1 0 0 0  348.720  0.   1.0317
2199 1 1 0 0 0   77.439  0.   1.0721
