MN4  degrees/h:
   57.42383    
Year M D h m s  V0+u(deg)     f
1950 1 1 0 0 0  286.343  0.   0.9293
1951 1 1 0 0 0   40.583  0.   0.9283
1952 1 1 0 0 0  154.759  0.   0.9352
1953 1 1 0 0 0  206.883  0.   0.9494
1954 1 1 0 0 0  320.479  0.   0.9694
1955 1 1 0 0 0   73.629  0.   0.9933
1956 1 1 0 0 0  186.295  0.   1.0184
1957 1 1 0 0 0  236.661  0.   1.0419
1958 1 1 0 0 0  348.459  0.   1.0609
1959 1 1 0 0 0   99.968  0.   1.0731
1960 1 1 0 0 0  211.329  0.   1.0770
1961 1 1 0 0 0  260.874  0.   1.0719
1962 1 1 0 0 0   12.414  0.   1.0586
1963 1 1 0 0 0  124.261  0.   1.0389
1964 1 1 0 0 0  236.519  0.   1.0150
1965 1 1 0 0 0  287.421  0.   0.9898
1966 1 1 0 0 0   40.636  0.   0.9664
1967 1 1 0 0 0  154.288  0.   0.9470
1968 1 1 0 0 0  268.280  0.   0.9338
1969 1 1 0 0 0  320.649  0.   0.9279
1970 1 1 0 0 0   74.884  0.   0.9300
1971 1 1 0 0 0  188.992  0.   0.9399
1972 1 1 0 0 0  302.821  0.   0.9565
1973 1 1 0 0 0  354.425  0.   0.9783
1974 1 1 0 0 0  107.388  0.   1.0030
1975 1 1 0 0 0  219.867  0.   1.0278
1976 1 1 0 0 0  331.900  0.   1.0499
1977 1 1 0 0 0   21.738  0.   1.0666
1978 1 1 0 0 0  133.172  0.   1.0757
1979 1 1 0 0 0  244.519  0.   1.0761
1980 1 1 0 0 0  355.938  0.   1.0677
1981 1 1 0 0 0   45.750  0.   1.0516
1982 1 1 0 0 0  157.746  0.   1.0299
1983 1 1 0 0 0  270.183  0.   1.0053
1984 1 1 0 0 0   23.104  0.   0.9805
1985 1 1 0 0 0   74.673  0.   0.9583
1986 1 1 0 0 0  188.470  0.   0.9411
1987 1 1 0 0 0  302.559  0.   0.9306
1988 1 1 0 0 0   56.785  0.   0.9278
1989 1 1 0 0 0  109.164  0.   0.9330
1990 1 1 0 0 0  223.180  0.   0.9456
1991 1 1 0 0 0  336.867  0.   0.9645
1992 1 1 0 0 0   90.123  0.   0.9877
1993 1 1 0 0 0  141.073  0.   1.0128
1994 1 1 0 0 0  253.372  0.   1.0369
1995 1 1 0 0 0    5.252  0.   1.0571
1996 1 1 0 0 0  116.815  0.   1.0711
1997 1 1 0 0 0  166.363  0.   1.0769
1998 1 1 0 0 0  277.719  0.   1.0738
1999 1 1 0 0 0   29.209  0.   1.0623
2000 1 1 0 0 0  140.975  0.   1.0438
2001 1 1 0 0 0  191.302  0.   1.0206
2002 1 1 0 0 0  303.925  0.   0.9955
2003 1 1 0 0 0   57.033  0.   0.9714
2004 1 1 0 0 0  170.592  0.   0.9509
2005 1 1 0 0 0  222.691  0.   0.9361
2006 1 1 0 0 0  336.854  0.   0.9286
2007 1 1 0 0 0   91.096  0.   0.9288
2008 1 1 0 0 0  205.246  0.   0.9370
2009 1 1 0 0 0  257.323  0.   0.9523
2010 1 1 0 0 0   10.852  0.   0.9731
2011 1 1 0 0 0  123.925  0.   0.9973
2012 1 1 0 0 0  236.512  0.   1.0223
2013 1 1 0 0 0  286.808  0.   1.0453
2014 1 1 0 0 0   38.551  0.   1.0634
2015 1 1 0 0 0  150.026  0.   1.0743
2016 1 1 0 0 0  261.378  0.   1.0768
2017 1 1 0 0 0  310.940  0.   1.0703
2018 1 1 0 0 0   62.521  0.   1.0558
2019 1 1 0 0 0  174.428  0.   1.0352
2020 1 1 0 0 0  286.755  0.   1.0110
2021 1 1 0 0 0  337.736  0.   0.9859
2022 1 1 0 0 0   91.031  0.   0.9629
2023 1 1 0 0 0  204.745  0.   0.9444
2024 1 1 0 0 0  318.780  0.   0.9323
2025 1 1 0 0 0   11.162  0.   0.9277
2026 1 1 0 0 0  125.388  0.   0.9311
2027 1 1 0 0 0  239.460  0.   0.9421
2028 1 1 0 0 0  353.232  0.   0.9597
2029 1 1 0 0 0   44.768  0.   0.9822
2030 1 1 0 0 0  157.653  0.   1.0071
2031 1 1 0 0 0  270.056  0.   1.0316
2032 1 1 0 0 0   22.024  0.   1.0530
2033 1 1 0 0 0   71.819  0.   1.0686
2034 1 1 0 0 0  183.228  0.   1.0763
2035 1 1 0 0 0  294.576  0.   1.0753
2036 1 1 0 0 0   46.022  0.   1.0656
2037 1 1 0 0 0   95.878  0.   1.0484
2038 1 1 0 0 0  207.940  0.   1.0261
2039 1 1 0 0 0  320.454  0.   1.0012
2040 1 1 0 0 0   73.453  0.   0.9766
2041 1 1 0 0 0  125.092  0.   0.9551
2042 1 1 0 0 0  238.946  0.   0.9389
2043 1 1 0 0 0  353.069  0.   0.9296
2044 1 1 0 0 0  107.307  0.   0.9281
2045 1 1 0 0 0  159.662  0.   0.9345
2046 1 1 0 0 0  273.633  0.   0.9483
2047 1 1 0 0 0   27.256  0.   0.9680
2048 1 1 0 0 0  140.437  0.   0.9916
2049 1 1 0 0 0  191.298  0.   1.0168
2050 1 1 0 0 0  303.525  0.   1.0405
2051 1 1 0 0 0   55.345  0.   1.0599
2052 1 1 0 0 0  166.869  0.   1.0726
2053 1 1 0 0 0  216.407  0.   1.0770
2054 1 1 0 0 0  327.774  0.   1.0725
2055 1 1 0 0 0   79.299  0.   1.0597
2056 1 1 0 0 0  191.122  0.   1.0403
2057 1 1 0 0 0  241.526  0.   1.0166
2058 1 1 0 0 0  354.227  0.   0.9915
2059 1 1 0 0 0  107.411  0.   0.9678
2060 1 1 0 0 0  221.036  0.   0.9481
2061 1 1 0 0 0  273.179  0.   0.9344
2062 1 1 0 0 0   27.366  0.   0.9281
2063 1 1 0 0 0  141.603  0.   0.9296
2064 1 1 0 0 0  255.724  0.   0.9390
2065 1 1 0 0 0  307.753  0.   0.9553
2066 1 1 0 0 0   61.213  0.   0.9768
2067 1 1 0 0 0  174.208  0.   1.0014
2068 1 1 0 0 0  286.718  0.   1.0262
2069 1 1 0 0 0  336.951  0.   1.0486
2070 1 1 0 0 0   88.642  0.   1.0657
2071 1 1 0 0 0  200.086  0.   1.0753
2072 1 1 0 0 0  311.434  0.   1.0763
2073 1 1 0 0 0    1.006  0.   1.0685
2074 1 1 0 0 0  112.631  0.   1.0529
2075 1 1 0 0 0  224.601  0.   1.0315
2076 1 1 0 0 0  336.999  0.   1.0069
2077 1 1 0 0 0   28.063  0.   0.9820
2078 1 1 0 0 0  141.426  0.   0.9596
2079 1 1 0 0 0  255.201  0.   0.9420
2080 1 1 0 0 0    9.275  0.   0.9310
2081 1 1 0 0 0   61.680  0.   0.9277
2082 1 1 0 0 0  175.892  0.   0.9324
2083 1 1 0 0 0  289.925  0.   0.9446
2084 1 1 0 0 0   43.637  0.   0.9631
2085 1 1 0 0 0   95.099  0.   0.9861
2086 1 1 0 0 0  207.896  0.   1.0111
2087 1 1 0 0 0  320.234  0.   1.0354
2088 1 1 0 0 0   72.129  0.   1.0560
2089 1 1 0 0 0  121.880  0.   1.0704
2090 1 1 0 0 0  233.268  0.   1.0768
2091 1 1 0 0 0  344.622  0.   1.0743
2092 1 1 0 0 0   96.098  0.   1.0633
2093 1 1 0 0 0  146.015  0.   1.0451
2094 1 1 0 0 0  258.146  0.   1.0222
2095 1 1 0 0 0   10.738  0.   0.9971
2096 1 1 0 0 0  123.814  0.   0.9729
2097 1 1 0 0 0  175.523  0.   0.9521
2098 1 1 0 0 0  289.430  0.   0.9369
2099 1 1 0 0 0   43.582  0.   0.9288
2100 1 1 0 0 0  157.823  0.   0.9286
2101 1 1 0 0 0  210.154  0.   0.9363
2102 1 1 0 0 0  324.077  0.   0.9511
2103 1 1 0 0 0   77.634  0.   0.9716
2104 1 1 0 0 0  190.738  0.   0.9957
2105 1 1 0 0 0  241.530  0.   1.0208
2106 1 1 0 0 0  353.686  0.   1.0439
2107 1 1 0 0 0  105.450  0.   1.0624
2108 1 1 0 0 0  216.939  0.   1.0739
2109 1 1 0 0 0  266.456  0.   1.0769
2110 1 1 0 0 0   17.838  0.   1.0710
2111 1 1 0 0 0  129.403  0.   1.0570
2112 1 1 0 0 0  241.285  0.   1.0367
2113 1 1 0 0 0  291.751  0.   1.0125
2114 1 1 0 0 0   44.531  0.   0.9875
2115 1 1 0 0 0  157.791  0.   0.9643
2116 1 1 0 0 0  271.479  0.   0.9455
2117 1 1 0 0 0  323.677  0.   0.9329
2118 1 1 0 0 0   77.883  0.   0.9278
2119 1 1 0 0 0  192.114  0.   0.9306
2120 1 1 0 0 0  306.201  0.   0.9412
2121 1 1 0 0 0  358.173  0.   0.9585
2122 1 1 0 0 0  111.562  0.   0.9806
2123 1 1 0 0 0  224.478  0.   1.0054
2124 1 1 0 0 0  336.912  0.   1.0301
2125 1 1 0 0 0   27.068  0.   1.0518
2126 1 1 0 0 0  138.709  0.   1.0678
2127 1 1 0 0 0  250.128  0.   1.0761
2128 1 1 0 0 0    1.475  0.   1.0756
2129 1 1 0 0 0   51.082  0.   1.0664
2130 1 1 0 0 0  162.756  0.   1.0497
2131 1 1 0 0 0  274.791  0.   1.0276
2132 1 1 0 0 0   27.273  0.   1.0028
2133 1 1 0 0 0   78.418  0.   0.9781
2134 1 1 0 0 0  191.853  0.   0.9564
2135 1 1 0 0 0  305.684  0.   0.9398
2136 1 1 0 0 0   59.794  0.   0.9300
2137 1 1 0 0 0  112.198  0.   0.9279
2138 1 1 0 0 0  226.392  0.   0.9339
2139 1 1 0 0 0  340.383  0.   0.9472
2140 1 1 0 0 0   94.021  0.   0.9665
2141 1 1 0 0 0  145.409  0.   0.9901
2142 1 1 0 0 0  258.136  0.   1.0152
2143 1 1 0 0 0   10.391  0.   1.0390
2144 1 1 0 0 0  122.236  0.   1.0588
2145 1 1 0 0 0  171.936  0.   1.0720
2146 1 1 0 0 0  283.318  0.   1.0770
2147 1 1 0 0 0   34.671  0.   1.0731
2148 1 1 0 0 0  146.191  0.   1.0608
2149 1 1 0 0 0  196.153  0.   1.0417
2150 1 1 0 0 0  308.365  0.   1.0182
2151 1 1 0 0 0   61.024  0.   0.9931
2152 1 1 0 0 0  174.168  0.   0.9693
2153 1 1 0 0 0  225.955  0.   0.9492
2154 1 1 0 0 0  339.900  0.   0.9351
2155 1 1 0 0 0   94.088  0.   0.9282
2156 1 1 0 0 0  208.318  0.   0.9293
2157 1 1 0 0 0  260.620  0.   0.9382
2158 1 1 0 0 0   14.502  0.   0.9540
2159 1 1 0 0 0  127.979  0.   0.9753
2160 1 1 0 0 0  241.016  0.   0.9997
2161 1 1 0 0 0  291.722  0.   1.0247
2162 1 1 0 0 0   43.817  0.   1.0473
2163 1 1 0 0 0  155.519  0.   1.0648
2164 1 1 0 0 0  266.985  0.   1.0750
2165 1 1 0 0 0  316.495  0.   1.0765
2166 1 1 0 0 0   67.907  0.   1.0692
2167 1 1 0 0 0  179.505  0.   1.0541
2168 1 1 0 0 0  291.458  0.   1.0330
2169 1 1 0 0 0  341.980  0.   1.0085
2170 1 1 0 0 0   94.848  0.   0.9835
2171 1 1 0 0 0  208.172  0.   0.9609
2172 1 1 0 0 0  321.932  0.   0.9430
2173 1 1 0 0 0   14.160  0.   0.9315
2174 1 1 0 0 0  128.392  0.   0.9277
2175 1 1 0 0 0  242.600  0.   0.9318
2176 1 1 0 0 0  356.659  0.   0.9436
2177 1 1 0 0 0   48.563  0.   0.9618
2178 1 1 0 0 0  161.888  0.   0.9845
2179 1 1 0 0 0  274.716  0.   1.0095
2180 1 1 0 0 0   27.085  0.   1.0339
2181 1 1 0 0 0   77.176  0.   1.0548
2182 1 1 0 0 0  188.782  0.   1.0697
2183 1 1 0 0 0  300.169  0.   1.0766
2184 1 1 0 0 0   51.529  0.   1.0747
2185 1 1 0 0 0  101.156  0.   1.0642
2186 1 1 0 0 0  212.890  0.   1.0465
2187 1 1 0 0 0  324.983  0.   1.0237
2188 1 1 0 0 0   77.553  0.   0.9988
2189 1 1 0 0 0  128.764  0.   0.9743
2190 1 1 0 0 0  242.260  0.   0.9533
2191 1 1 0 0 0  356.155  0.   0.9377
2192 1 1 0 0 0  110.286  0.   0.9291
2193 1 1 0 0 0  162.715  0.   0.9284
2194 1 1 0 0 0  276.857  0.   0.9355
2195 1 1 0 0 0   30.810  0.   0.9499
2196 1 1 0 0 0  144.404  0.   0.9701
2197 1 1 0 0 0  195.705  0.   0.9941
2198 1 1 0 0 0  308.344  0.   1.0192
2199 1 1 0 0 0   60.538  0.   1.0425
