MSF  degrees/h:
   1.015896    
Year M D h m s  V0+u(deg)     f
1950 1 1 0 0 0  288.605  0.   0.9640
1951 1 1 0 0 0  187.852  0.   0.9635
1952 1 1 0 0 0   87.099  0.   0.9670
1953 1 1 0 0 0   10.729  0.   0.9744
1954 1 1 0 0 0  269.976  0.   0.9846
1955 1 1 0 0 0  169.223  0.   0.9966
1956 1 1 0 0 0   68.470  0.   1.0091
1957 1 1 0 0 0  352.099  0.   1.0207
1958 1 1 0 0 0  251.346  0.   1.0300
1959 1 1 0 0 0  150.593  0.   1.0359
1960 1 1 0 0 0   49.840  0.   1.0378
1961 1 1 0 0 0  333.467  0.   1.0353
1962 1 1 0 0 0  232.714  0.   1.0289
1963 1 1 0 0 0  131.961  0.   1.0192
1964 1 1 0 0 0   31.208  0.   1.0075
1965 1 1 0 0 0  314.837  0.   0.9949
1966 1 1 0 0 0  214.084  0.   0.9830
1967 1 1 0 0 0  113.331  0.   0.9732
1968 1 1 0 0 0   12.578  0.   0.9663
1969 1 1 0 0 0  296.207  0.   0.9633
1970 1 1 0 0 0  195.454  0.   0.9644
1971 1 1 0 0 0   94.701  0.   0.9695
1972 1 1 0 0 0  353.948  0.   0.9780
1973 1 1 0 0 0  277.577  0.   0.9891
1974 1 1 0 0 0  176.824  0.   1.0015
1975 1 1 0 0 0   76.071  0.   1.0138
1976 1 1 0 0 0  335.318  0.   1.0246
1977 1 1 0 0 0  258.948  0.   1.0327
1978 1 1 0 0 0  158.195  0.   1.0371
1979 1 1 0 0 0   57.442  0.   1.0373
1980 1 1 0 0 0  316.689  0.   1.0333
1981 1 1 0 0 0  240.318  0.   1.0255
1982 1 1 0 0 0  139.565  0.   1.0149
1983 1 1 0 0 0   38.812  0.   1.0026
1984 1 1 0 0 0  298.059  0.   0.9902
1985 1 1 0 0 0  221.686  0.   0.9789
1986 1 1 0 0 0  120.933  0.   0.9701
1987 1 1 0 0 0   20.180  0.   0.9647
1988 1 1 0 0 0  279.429  0.   0.9632
1989 1 1 0 0 0  203.058  0.   0.9659
1990 1 1 0 0 0  102.305  0.   0.9724
1991 1 1 0 0 0    1.552  0.   0.9821
1992 1 1 0 0 0  260.799  0.   0.9938
1993 1 1 0 0 0  184.426  0.   1.0064
1994 1 1 0 0 0   83.673  0.   1.0183
1995 1 1 0 0 0  342.920  0.   1.0282
1996 1 1 0 0 0  242.167  0.   1.0349
1997 1 1 0 0 0  165.796  0.   1.0377
1998 1 1 0 0 0   65.043  0.   1.0363
1999 1 1 0 0 0  324.290  0.   1.0307
2000 1 1 0 0 0  223.537  0.   1.0217
2001 1 1 0 0 0  147.167  0.   1.0102
2002 1 1 0 0 0   46.414  0.   0.9977
2003 1 1 0 0 0  305.660  0.   0.9856
2004 1 1 0 0 0  204.907  0.   0.9752
2005 1 1 0 0 0  128.537  0.   0.9675
2006 1 1 0 0 0   27.784  0.   0.9636
2007 1 1 0 0 0  287.031  0.   0.9638
2008 1 1 0 0 0  186.278  0.   0.9680
2009 1 1 0 0 0  109.907  0.   0.9758
2010 1 1 0 0 0    9.154  0.   0.9864
2011 1 1 0 0 0  268.401  0.   0.9987
2012 1 1 0 0 0  167.648  0.   1.0111
2013 1 1 0 0 0   91.277  0.   1.0224
2014 1 1 0 0 0  350.524  0.   1.0312
2015 1 1 0 0 0  249.771  0.   1.0365
2016 1 1 0 0 0  149.018  0.   1.0377
2017 1 1 0 0 0   72.645  0.   1.0346
2018 1 1 0 0 0  331.892  0.   1.0275
2019 1 1 0 0 0  231.139  0.   1.0175
2020 1 1 0 0 0  130.388  0.   1.0055
2021 1 1 0 0 0   54.017  0.   0.9929
2022 1 1 0 0 0  313.262  0.   0.9813
2023 1 1 0 0 0  212.509  0.   0.9718
2024 1 1 0 0 0  111.756  0.   0.9656
2025 1 1 0 0 0   35.387  0.   0.9632
2026 1 1 0 0 0  294.634  0.   0.9649
2027 1 1 0 0 0  193.881  0.   0.9706
2028 1 1 0 0 0   93.128  0.   0.9797
2029 1 1 0 0 0   16.756  0.   0.9911
2030 1 1 0 0 0  276.003  0.   1.0035
2031 1 1 0 0 0  175.250  0.   1.0157
2032 1 1 0 0 0   74.497  0.   1.0262
2033 1 1 0 0 0  358.124  0.   1.0337
2034 1 1 0 0 0  257.371  0.   1.0375
2035 1 1 0 0 0  156.618  0.   1.0370
2036 1 1 0 0 0   55.865  0.   1.0323
2037 1 1 0 0 0  339.496  0.   1.0239
2038 1 1 0 0 0  238.743  0.   1.0130
2039 1 1 0 0 0  137.990  0.   1.0006
2040 1 1 0 0 0   37.237  0.   0.9883
2041 1 1 0 0 0  320.864  0.   0.9773
2042 1 1 0 0 0  220.111  0.   0.9690
2043 1 1 0 0 0  119.358  0.   0.9642
2044 1 1 0 0 0   18.605  0.   0.9634
2045 1 1 0 0 0  302.236  0.   0.9667
2046 1 1 0 0 0  201.483  0.   0.9738
2047 1 1 0 0 0  100.730  0.   0.9839
2048 1 1 0 0 0  359.977  0.   0.9958
2049 1 1 0 0 0  283.608  0.   1.0084
2050 1 1 0 0 0  182.855  0.   1.0200
2051 1 1 0 0 0   82.102  0.   1.0295
2052 1 1 0 0 0  341.349  0.   1.0357
2053 1 1 0 0 0  264.977  0.   1.0378
2054 1 1 0 0 0  164.223  0.   1.0356
2055 1 1 0 0 0   63.470  0.   1.0294
2056 1 1 0 0 0  322.717  0.   1.0200
2057 1 1 0 0 0  246.345  0.   1.0082
2058 1 1 0 0 0  145.592  0.   0.9957
2059 1 1 0 0 0   44.839  0.   0.9838
2060 1 1 0 0 0  304.086  0.   0.9737
2061 1 1 0 0 0  227.717  0.   0.9666
2062 1 1 0 0 0  126.964  0.   0.9634
2063 1 1 0 0 0   26.211  0.   0.9642
2064 1 1 0 0 0  285.458  0.   0.9690
2065 1 1 0 0 0  209.085  0.   0.9774
2066 1 1 0 0 0  108.332  0.   0.9883
2067 1 1 0 0 0    7.579  0.   1.0007
2068 1 1 0 0 0  266.826  0.   1.0130
2069 1 1 0 0 0  190.453  0.   1.0240
2070 1 1 0 0 0   89.700  0.   1.0323
2071 1 1 0 0 0  348.947  0.   1.0370
2072 1 1 0 0 0  248.194  0.   1.0375
2073 1 1 0 0 0  171.825  0.   1.0337
2074 1 1 0 0 0   71.072  0.   1.0261
2075 1 1 0 0 0  330.319  0.   1.0156
2076 1 1 0 0 0  229.570  0.   1.0034
2077 1 1 0 0 0  153.197  0.   0.9909
2078 1 1 0 0 0   52.444  0.   0.9796
2079 1 1 0 0 0  311.691  0.   0.9706
2080 1 1 0 0 0  210.938  0.   0.9649
2081 1 1 0 0 0  134.566  0.   0.9632
2082 1 1 0 0 0   33.812  0.   0.9656
2083 1 1 0 0 0  293.060  0.   0.9719
2084 1 1 0 0 0  192.306  0.   0.9814
2085 1 1 0 0 0  115.934  0.   0.9930
2086 1 1 0 0 0   15.185  0.   1.0056
2087 1 1 0 0 0  274.428  0.   1.0175
2088 1 1 0 0 0  173.679  0.   1.0276
2089 1 1 0 0 0   97.306  0.   1.0346
2090 1 1 0 0 0  356.553  0.   1.0377
2091 1 1 0 0 0  255.800  0.   1.0365
2092 1 1 0 0 0  155.047  0.   1.0312
2093 1 1 0 0 0   78.674  0.   1.0223
2094 1 1 0 0 0  337.921  0.   1.0110
2095 1 1 0 0 0  237.168  0.   0.9986
2096 1 1 0 0 0  136.415  0.   0.9864
2097 1 1 0 0 0   60.042  0.   0.9757
2098 1 1 0 0 0  319.289  0.   0.9679
2099 1 1 0 0 0  218.536  0.   0.9638
2100 1 1 0 0 0  117.783  0.   0.9636
2101 1 1 0 0 0   41.414  0.   0.9676
2102 1 1 0 0 0  300.661  0.   0.9752
2103 1 1 0 0 0  199.908  0.   0.9857
2104 1 1 0 0 0   99.155  0.   0.9978
2105 1 1 0 0 0   22.783  0.   1.0103
2106 1 1 0 0 0  282.029  0.   1.0217
2107 1 1 0 0 0  181.276  0.   1.0307
2108 1 1 0 0 0   80.523  0.   1.0363
2109 1 1 0 0 0    4.155  0.   1.0377
2110 1 1 0 0 0  263.402  0.   1.0349
2111 1 1 0 0 0  162.649  0.   1.0281
2112 1 1 0 0 0   61.896  0.   1.0182
2113 1 1 0 0 0  345.527  0.   1.0062
2114 1 1 0 0 0  244.774  0.   0.9937
2115 1 1 0 0 0  144.021  0.   0.9820
2116 1 1 0 0 0   43.268  0.   0.9724
2117 1 1 0 0 0  326.895  0.   0.9658
2118 1 1 0 0 0  226.142  0.   0.9632
2119 1 1 0 0 0  125.389  0.   0.9647
2120 1 1 0 0 0   24.636  0.   0.9701
2121 1 1 0 0 0  308.263  0.   0.9790
2122 1 1 0 0 0  207.510  0.   0.9903
2123 1 1 0 0 0  106.757  0.   1.0027
2124 1 1 0 0 0    6.004  0.   1.0149
2125 1 1 0 0 0  289.635  0.   1.0256
2126 1 1 0 0 0  188.882  0.   1.0333
2127 1 1 0 0 0   88.129  0.   1.0373
2128 1 1 0 0 0  347.376  0.   1.0371
2129 1 1 0 0 0  271.003  0.   1.0327
2130 1 1 0 0 0  170.250  0.   1.0246
2131 1 1 0 0 0   69.497  0.   1.0137
2132 1 1 0 0 0  328.744  0.   1.0014
2133 1 1 0 0 0  252.372  0.   0.9890
2134 1 1 0 0 0  151.619  0.   0.9779
2135 1 1 0 0 0   50.866  0.   0.9694
2136 1 1 0 0 0  310.112  0.   0.9644
2137 1 1 0 0 0  233.744  0.   0.9633
2138 1 1 0 0 0  132.991  0.   0.9664
2139 1 1 0 0 0   32.238  0.   0.9732
2140 1 1 0 0 0  291.489  0.   0.9831
2141 1 1 0 0 0  215.116  0.   0.9950
2142 1 1 0 0 0  114.363  0.   1.0076
2143 1 1 0 0 0   13.610  0.   1.0193
2144 1 1 0 0 0  272.857  0.   1.0290
2145 1 1 0 0 0  196.488  0.   1.0354
2146 1 1 0 0 0   95.731  0.   1.0378
2147 1 1 0 0 0  354.982  0.   1.0359
2148 1 1 0 0 0  254.225  0.   1.0299
2149 1 1 0 0 0  177.856  0.   1.0206
2150 1 1 0 0 0   77.099  0.   1.0090
2151 1 1 0 0 0  336.350  0.   0.9965
2152 1 1 0 0 0  235.601  0.   0.9845
2153 1 1 0 0 0  159.224  0.   0.9743
2154 1 1 0 0 0   58.475  0.   0.9670
2155 1 1 0 0 0  317.718  0.   0.9635
2156 1 1 0 0 0  216.969  0.   0.9640
2157 1 1 0 0 0  140.600  0.   0.9686
2158 1 1 0 0 0   39.843  0.   0.9768
2159 1 1 0 0 0  299.094  0.   0.9876
2160 1 1 0 0 0  198.337  0.   0.9999
2161 1 1 0 0 0  121.968  0.   1.0123
2162 1 1 0 0 0   21.212  0.   1.0234
2163 1 1 0 0 0  280.462  0.   1.0319
2164 1 1 0 0 0  179.706  0.   1.0368
2165 1 1 0 0 0  103.337  0.   1.0376
2166 1 1 0 0 0    2.580  0.   1.0340
2167 1 1 0 0 0  261.831  0.   1.0267
2168 1 1 0 0 0  161.074  0.   1.0164
2169 1 1 0 0 0   84.713  0.   1.0042
2170 1 1 0 0 0  343.956  0.   0.9917
2171 1 1 0 0 0  243.207  0.   0.9803
2172 1 1 0 0 0  142.450  0.   0.9711
2173 1 1 0 0 0   66.081  0.   0.9652
2174 1 1 0 0 0  325.324  0.   0.9632
2175 1 1 0 0 0  224.575  0.   0.9653
2176 1 1 0 0 0  123.818  0.   0.9714
2177 1 1 0 0 0   47.449  0.   0.9807
2178 1 1 0 0 0  306.692  0.   0.9922
2179 1 1 0 0 0  205.943  0.   1.0047
2180 1 1 0 0 0  105.186  0.   1.0168
2181 1 1 0 0 0   28.817  0.   1.0271
2182 1 1 0 0 0  288.060  0.   1.0343
2183 1 1 0 0 0  187.311  0.   1.0376
2184 1 1 0 0 0   86.554  0.   1.0367
2185 1 1 0 0 0   10.185  0.   1.0316
2186 1 1 0 0 0  269.428  0.   1.0230
2187 1 1 0 0 0  168.679  0.   1.0118
2188 1 1 0 0 0   67.922  0.   0.9994
2189 1 1 0 0 0  351.554  0.   0.9871
2190 1 1 0 0 0  250.805  0.   0.9764
2191 1 1 0 0 0  150.048  0.   0.9683
2192 1 1 0 0 0   49.298  0.   0.9639
2193 1 1 0 0 0  332.922  0.   0.9635
2194 1 1 0 0 0  232.181  0.   0.9672
2195 1 1 0 0 0  131.424  0.   0.9746
2196 1 1 0 0 0   30.667  0.   0.9849
2197 1 1 0 0 0  314.298  0.   0.9970
2198 1 1 0 0 0  213.549  0.   1.0095
2199 1 1 0 0 0  112.792  0.   1.0211
