N2   degrees/h:
   28.43973    
Year M D h m s  V0+u(deg)     f
1950 1 1 0 0 0  215.402  0.   0.9640
1951 1 1 0 0 0  228.160  0.   0.9635
1952 1 1 0 0 0  240.888  0.   0.9670
1953 1 1 0 0 0  216.055  0.   0.9744
1954 1 1 0 0 0  228.492  0.   0.9846
1955 1 1 0 0 0  240.706  0.   0.9966
1956 1 1 0 0 0  252.678  0.   1.0091
1957 1 1 0 0 0  226.967  0.   1.0207
1958 1 1 0 0 0  238.505  0.   1.0300
1959 1 1 0 0 0  249.898  0.   1.0359
1960 1 1 0 0 0  261.218  0.   1.0378
1961 1 1 0 0 0  235.097  0.   1.0353
1962 1 1 0 0 0  246.506  0.   1.0289
1963 1 1 0 0 0  258.068  0.   1.0192
1964 1 1 0 0 0  269.836  0.   1.0075
1965 1 1 0 0 0  244.393  0.   0.9949
1966 1 1 0 0 0  256.640  0.   0.9830
1967 1 1 0 0 0  269.104  0.   0.9732
1968 1 1 0 0 0  281.739  0.   0.9663
1969 1 1 0 0 0  257.030  0.   0.9633
1970 1 1 0 0 0  269.786  0.   0.9644
1971 1 1 0 0 0  282.479  0.   0.9695
1972 1 1 0 0 0  295.032  0.   0.9780
1973 1 1 0 0 0  269.940  0.   0.9891
1974 1 1 0 0 0  282.061  0.   1.0015
1975 1 1 0 0 0  293.939  0.   1.0138
1976 1 1 0 0 0  305.594  0.   1.0246
1977 1 1 0 0 0  279.620  0.   1.0327
1978 1 1 0 0 0  290.975  0.   1.0371
1979 1 1 0 0 0  302.288  0.   1.0373
1980 1 1 0 0 0  313.636  0.   1.0333
1981 1 1 0 0 0  287.648  0.   1.0255
1982 1 1 0 0 0  299.285  0.   1.0149
1983 1 1 0 0 0  311.143  0.   1.0026
1984 1 1 0 0 0  323.242  0.   0.9902
1985 1 1 0 0 0  298.133  0.   0.9789
1986 1 1 0 0 0  310.671  0.   0.9701
1987 1 1 0 0 0  323.354  0.   0.9647
1988 1 1 0 0 0  336.105  0.   0.9632
1989 1 1 0 0 0  311.401  0.   0.9659
1990 1 1 0 0 0  324.048  0.   0.9724
1991 1 1 0 0 0  336.530  0.   0.9821
1992 1 1 0 0 0  348.797  0.   0.9938
1993 1 1 0 0 0  323.379  0.   1.0064
1994 1 1 0 0 0  335.167  0.   1.0183
1995 1 1 0 0 0  346.746  0.   1.0282
1996 1 1 0 0 0  358.166  0.   1.0349
1997 1 1 0 0 0  332.046  0.   1.0377
1998 1 1 0 0 0  343.363  0.   1.0363
1999 1 1 0 0 0  354.747  0.   1.0307
2000 1 1 0 0 0    6.269  0.   1.0217
2001 1 1 0 0 0  340.539  0.   1.0102
2002 1 1 0 0 0  352.489  0.   0.9977
2003 1 1 0 0 0    4.682  0.   0.9856
2004 1 1 0 0 0   17.100  0.   0.9752
2005 1 1 0 0 0  352.256  0.   0.9675
2006 1 1 0 0 0    4.976  0.   0.9636
2007 1 1 0 0 0   17.736  0.   0.9638
2008 1 1 0 0 0   30.450  0.   0.9680
2009 1 1 0 0 0    5.594  0.   0.9758
2010 1 1 0 0 0   17.998  0.   0.9864
2011 1 1 0 0 0   30.173  0.   0.9987
2012 1 1 0 0 0   42.106  0.   1.0111
2013 1 1 0 0 0   16.360  0.   1.0224
2014 1 1 0 0 0   27.870  0.   1.0312
2015 1 1 0 0 0   39.246  0.   1.0365
2016 1 1 0 0 0   50.561  0.   1.0377
2017 1 1 0 0 0   24.449  0.   1.0346
2018 1 1 0 0 0   35.879  0.   1.0275
2019 1 1 0 0 0   47.471  0.   1.0175
2020 1 1 0 0 0   59.273  0.   1.0055
2021 1 1 0 0 0   33.869  0.   0.9929
2022 1 1 0 0 0   46.156  0.   0.9813
2023 1 1 0 0 0   58.652  0.   0.9718
2024 1 1 0 0 0   71.308  0.   0.9656
2025 1 1 0 0 0   46.605  0.   0.9632
2026 1 1 0 0 0   59.357  0.   0.9649
2027 1 1 0 0 0   72.032  0.   0.9706
2028 1 1 0 0 0   84.556  0.   0.9797
2029 1 1 0 0 0   59.431  0.   0.9911
2030 1 1 0 0 0   71.512  0.   1.0035
2031 1 1 0 0 0   83.353  0.   1.0157
2032 1 1 0 0 0   94.976  0.   1.0262
2033 1 1 0 0 0   68.980  0.   1.0337
2034 1 1 0 0 0   80.323  0.   1.0375
2035 1 1 0 0 0   91.636  0.   1.0370
2036 1 1 0 0 0  102.998  0.   1.0323
2037 1 1 0 0 0   77.031  0.   1.0239
2038 1 1 0 0 0   88.701  0.   1.0130
2039 1 1 0 0 0  100.597  0.   1.0006
2040 1 1 0 0 0  112.735  0.   0.9883
2041 1 1 0 0 0   87.662  0.   0.9773
2042 1 1 0 0 0  100.227  0.   0.9690
2043 1 1 0 0 0  112.928  0.   0.9642
2044 1 1 0 0 0  125.686  0.   0.9634
2045 1 1 0 0 0  100.969  0.   0.9667
2046 1 1 0 0 0  113.594  0.   0.9738
2047 1 1 0 0 0  126.044  0.   0.9839
2048 1 1 0 0 0  138.273  0.   0.9958
2049 1 1 0 0 0  112.809  0.   1.0084
2050 1 1 0 0 0  124.562  0.   1.0200
2051 1 1 0 0 0  136.111  0.   1.0295
2052 1 1 0 0 0  147.511  0.   1.0357
2053 1 1 0 0 0  121.387  0.   1.0378
2054 1 1 0 0 0  132.709  0.   1.0356
2055 1 1 0 0 0  144.111  0.   1.0294
2056 1 1 0 0 0  155.661  0.   1.0200
2057 1 1 0 0 0  129.969  0.   1.0082
2058 1 1 0 0 0  141.959  0.   0.9957
2059 1 1 0 0 0  154.190  0.   0.9838
2060 1 1 0 0 0  166.641  0.   0.9737
2061 1 1 0 0 0  141.818  0.   0.9666
2062 1 1 0 0 0  154.551  0.   0.9634
2063 1 1 0 0 0  167.308  0.   0.9642
2064 1 1 0 0 0  180.007  0.   0.9690
2065 1 1 0 0 0  155.128  0.   0.9774
2066 1 1 0 0 0  167.497  0.   0.9883
2067 1 1 0 0 0  179.633  0.   1.0007
2068 1 1 0 0 0  191.527  0.   1.0130
2069 1 1 0 0 0  165.751  0.   1.0240
2070 1 1 0 0 0  177.235  0.   1.0323
2071 1 1 0 0 0  188.596  0.   1.0370
2072 1 1 0 0 0  199.909  0.   1.0375
2073 1 1 0 0 0  173.801  0.   1.0337
2074 1 1 0 0 0  185.252  0.   1.0261
2075 1 1 0 0 0  196.876  0.   1.0156
2076 1 1 0 0 0  208.712  0.   1.0034
2077 1 1 0 0 0  183.351  0.   0.9909
2078 1 1 0 0 0  195.672  0.   0.9796
2079 1 1 0 0 0  208.198  0.   0.9706
2080 1 1 0 0 0  220.874  0.   0.9649
2081 1 1 0 0 0  196.183  0.   0.9632
2082 1 1 0 0 0  208.928  0.   0.9656
2083 1 1 0 0 0  221.583  0.   0.9719
2084 1 1 0 0 0  234.078  0.   0.9814
2085 1 1 0 0 0  208.916  0.   0.9930
2086 1 1 0 0 0  220.952  0.   1.0056
2087 1 1 0 0 0  232.761  0.   1.0175
2088 1 1 0 0 0  244.346  0.   1.0276
2089 1 1 0 0 0  218.328  0.   1.0346
2090 1 1 0 0 0  229.661  0.   1.0377
2091 1 1 0 0 0  240.977  0.   1.0365
2092 1 1 0 0 0  252.354  0.   1.0312
2093 1 1 0 0 0  226.419  0.   1.0223
2094 1 1 0 0 0  238.123  0.   1.0110
2095 1 1 0 0 0  250.059  0.   0.9986
2096 1 1 0 0 0  262.235  0.   0.9864
2097 1 1 0 0 0  237.196  0.   0.9757
2098 1 1 0 0 0  249.789  0.   0.9679
2099 1 1 0 0 0  262.503  0.   0.9638
2100 1 1 0 0 0  275.262  0.   0.9636
2101 1 1 0 0 0  250.534  0.   0.9676
2102 1 1 0 0 0  263.134  0.   0.9752
2103 1 1 0 0 0  275.552  0.   0.9857
2104 1 1 0 0 0  287.742  0.   0.9978
2105 1 1 0 0 0  262.245  0.   1.0103
2106 1 1 0 0 0  273.962  0.   1.0217
2107 1 1 0 0 0  285.483  0.   1.0307
2108 1 1 0 0 0  296.866  0.   1.0363
2109 1 1 0 0 0  270.730  0.   1.0377
2110 1 1 0 0 0  282.060  0.   1.0349
2111 1 1 0 0 0  293.482  0.   1.0281
2112 1 1 0 0 0  305.062  0.   1.0182
2113 1 1 0 0 0  279.400  0.   1.0062
2114 1 1 0 0 0  291.429  0.   0.9937
2115 1 1 0 0 0  303.698  0.   0.9820
2116 1 1 0 0 0  316.181  0.   0.9724
2117 1 1 0 0 0  291.386  0.   0.9658
2118 1 1 0 0 0  304.128  0.   0.9632
2119 1 1 0 0 0  316.883  0.   0.9647
2120 1 1 0 0 0  329.565  0.   0.9701
2121 1 1 0 0 0  304.657  0.   0.9790
2122 1 1 0 0 0  316.991  0.   0.9903
2123 1 1 0 0 0  329.088  0.   1.0027
2124 1 1 0 0 0  340.943  0.   1.0149
2125 1 1 0 0 0  315.127  0.   1.0256
2126 1 1 0 0 0  326.587  0.   1.0333
2127 1 1 0 0 0  337.935  0.   1.0373
2128 1 1 0 0 0  349.247  0.   1.0371
2129 1 1 0 0 0  323.157  0.   1.0327
2130 1 1 0 0 0  334.633  0.   1.0246
2131 1 1 0 0 0  346.289  0.   1.0137
2132 1 1 0 0 0  358.169  0.   1.0014
2133 1 1 0 0 0  332.849  0.   0.9890
2134 1 1 0 0 0  345.205  0.   0.9779
2135 1 1 0 0 0  357.759  0.   0.9694
2136 1 1 0 0 0   10.454  0.   0.9644
2137 1 1 0 0 0  345.761  0.   0.9633
2138 1 1 0 0 0  358.497  0.   0.9664
2139 1 1 0 0 0   11.131  0.   0.9732
2140 1 1 0 0 0   23.588  0.   0.9831
2141 1 1 0 0 0  358.389  0.   0.9950
2142 1 1 0 0 0   10.391  0.   1.0076
2143 1 1 0 0 0   22.157  0.   1.0193
2144 1 1 0 0 0   33.719  0.   1.0290
2145 1 1 0 0 0    7.675  0.   1.0354
2146 1 1 0 0 0   19.005  0.   1.0378
2147 1 1 0 0 0   30.320  0.   1.0359
2148 1 1 0 0 0   41.719  0.   1.0299
2149 1 1 0 0 0   15.806  0.   1.0206
2150 1 1 0 0 0   27.552  0.   1.0090
2151 1 1 0 0 0   39.519  0.   0.9965
2152 1 1 0 0 0   51.730  0.   0.9845
2153 1 1 0 0 0   26.730  0.   0.9743
2154 1 1 0 0 0   39.341  0.   0.9670
2155 1 1 0 0 0   52.075  0.   0.9635
2156 1 1 0 0 0   64.827  0.   0.9640
2157 1 1 0 0 0   40.084  0.   0.9686
2158 1 1 0 0 0   52.665  0.   0.9768
2159 1 1 0 0 0   65.042  0.   0.9876
2160 1 1 0 0 0   77.199  0.   0.9999
2161 1 1 0 0 0   51.658  0.   1.0123
2162 1 1 0 0 0   63.345  0.   1.0234
2163 1 1 0 0 0   74.835  0.   1.0319
2164 1 1 0 0 0   86.207  0.   1.0368
2165 1 1 0 0 0   60.068  0.   1.0376
2166 1 1 0 0 0   71.414  0.   1.0340
2167 1 1 0 0 0   82.850  0.   1.0267
2168 1 1 0 0 0   94.467  0.   1.0164
2169 1 1 0 0 0   68.832  0.   1.0042
2170 1 1 0 0 0   80.905  0.   0.9917
2171 1 1 0 0 0   93.205  0.   0.9803
2172 1 1 0 0 0  105.725  0.   0.9711
2173 1 1 0 0 0   80.945  0.   0.9652
2174 1 1 0 0 0   93.701  0.   0.9632
2175 1 1 0 0 0  106.443  0.   0.9653
2176 1 1 0 0 0  119.112  0.   0.9714
2177 1 1 0 0 0   94.170  0.   0.9807
2178 1 1 0 0 0  106.472  0.   0.9922
2179 1 1 0 0 0  118.523  0.   1.0047
2180 1 1 0 0 0  130.348  0.   1.0168
2181 1 1 0 0 0  104.499  0.   1.0271
2182 1 1 0 0 0  115.942  0.   1.0343
2183 1 1 0 0 0  127.274  0.   1.0376
2184 1 1 0 0 0  138.593  0.   1.0367
2185 1 1 0 0 0  112.513  0.   1.0316
2186 1 1 0 0 0  124.020  0.   1.0230
2187 1 1 0 0 0  135.704  0.   1.0118
2188 1 1 0 0 0  147.629  0.   0.9994
2189 1 1 0 0 0  122.340  0.   0.9871
2190 1 1 0 0 0  134.725  0.   0.9764
2191 1 1 0 0 0  147.313  0.   0.9683
2192 1 1 0 0 0  160.016  0.   0.9639
2193 1 1 0 0 0  135.338  0.   0.9635
2194 1 1 0 0 0  148.046  0.   0.9672
2195 1 1 0 0 0  160.662  0.   0.9746
2196 1 1 0 0 0  173.099  0.   0.9849
2197 1 1 0 0 0  147.855  0.   0.9970
2198 1 1 0 0 0  159.812  0.   1.0095
2199 1 1 0 0 0  171.549  0.   1.0211
