NU2  degrees/h:
   28.51258    
Year M D h m s  V0+u(deg)     f
1950 1 1 0 0 0  357.876  0.   0.9640
1951 1 1 0 0 0  288.832  0.   0.9635
1952 1 1 0 0 0  219.757  0.   0.9670
1953 1 1 0 0 0  114.871  0.   0.9744
1954 1 1 0 0 0   45.506  0.   0.9846
1955 1 1 0 0 0  335.917  0.   0.9966
1956 1 1 0 0 0  266.087  0.   1.0091
1957 1 1 0 0 0  160.322  0.   1.0207
1958 1 1 0 0 0   90.057  0.   1.0300
1959 1 1 0 0 0   19.648  0.   1.0359
1960 1 1 0 0 0  309.166  0.   1.0378
1961 1 1 0 0 0  202.990  0.   1.0353
1962 1 1 0 0 0  132.597  0.   1.0289
1963 1 1 0 0 0   62.357  0.   1.0192
1964 1 1 0 0 0  352.323  0.   1.0075
1965 1 1 0 0 0  246.826  0.   0.9949
1966 1 1 0 0 0  177.270  0.   0.9830
1967 1 1 0 0 0  107.932  0.   0.9732
1968 1 1 0 0 0   38.764  0.   0.9663
1969 1 1 0 0 0  294.002  0.   0.9633
1970 1 1 0 0 0  224.956  0.   0.9644
1971 1 1 0 0 0  155.846  0.   0.9695
1972 1 1 0 0 0   86.597  0.   0.9780
1973 1 1 0 0 0  341.451  0.   0.9891
1974 1 1 0 0 0  271.769  0.   1.0015
1975 1 1 0 0 0  201.845  0.   1.0138
1976 1 1 0 0 0  131.698  0.   1.0246
1977 1 1 0 0 0   25.669  0.   1.0327
1978 1 1 0 0 0  315.223  0.   1.0371
1979 1 1 0 0 0  244.732  0.   1.0373
1980 1 1 0 0 0  174.279  0.   1.0333
1981 1 1 0 0 0   68.237  0.   1.0255
1982 1 1 0 0 0  358.072  0.   1.0149
1983 1 1 0 0 0  288.126  0.   1.0026
1984 1 1 0 0 0  218.423  0.   0.9902
1985 1 1 0 0 0  113.260  0.   0.9789
1986 1 1 0 0 0   43.996  0.   0.9701
1987 1 1 0 0 0  334.876  0.   0.9647
1988 1 1 0 0 0  265.825  0.   0.9632
1989 1 1 0 0 0  161.067  0.   0.9659
1990 1 1 0 0 0   91.912  0.   0.9724
1991 1 1 0 0 0   22.592  0.   0.9821
1992 1 1 0 0 0  313.056  0.   0.9938
1993 1 1 0 0 0  207.584  0.   1.0064
1994 1 1 0 0 0  137.570  0.   1.0183
1995 1 1 0 0 0   67.346  0.   1.0282
1996 1 1 0 0 0  356.964  0.   1.0349
1997 1 1 0 0 0  250.791  0.   1.0377
1998 1 1 0 0 0  180.305  0.   1.0363
1999 1 1 0 0 0  109.886  0.   1.0307
2000 1 1 0 0 0   39.607  0.   1.0217
2001 1 1 0 0 0  293.822  0.   1.0102
2002 1 1 0 0 0  223.970  0.   0.9977
2003 1 1 0 0 0  154.360  0.   0.9856
2004 1 1 0 0 0   84.976  0.   0.9752
2005 1 1 0 0 0  340.078  0.   0.9675
2006 1 1 0 0 0  270.996  0.   0.9636
2007 1 1 0 0 0  201.953  0.   0.9638
2008 1 1 0 0 0  132.865  0.   0.9680
2009 1 1 0 0 0   27.956  0.   0.9758
2010 1 1 0 0 0  318.557  0.   0.9864
2011 1 1 0 0 0  248.930  0.   0.9987
2012 1 1 0 0 0  179.060  0.   1.0111
2013 1 1 0 0 0   73.260  0.   1.0224
2014 1 1 0 0 0    2.968  0.   1.0312
2015 1 1 0 0 0  292.542  0.   1.0365
2016 1 1 0 0 0  222.055  0.   1.0377
2017 1 1 0 0 0  115.888  0.   1.0346
2018 1 1 0 0 0   45.515  0.   1.0275
2019 1 1 0 0 0  335.305  0.   1.0175
2020 1 1 0 0 0  265.304  0.   1.0055
2021 1 1 0 0 0  159.847  0.   0.9929
2022 1 1 0 0 0   90.331  0.   0.9813
2023 1 1 0 0 0   21.025  0.   0.9718
2024 1 1 0 0 0  311.879  0.   0.9656
2025 1 1 0 0 0  207.122  0.   0.9632
2026 1 1 0 0 0  138.071  0.   0.9649
2027 1 1 0 0 0   68.944  0.   0.9706
2028 1 1 0 0 0  359.666  0.   0.9797
2029 1 1 0 0 0  254.487  0.   0.9911
2030 1 1 0 0 0  184.767  0.   1.0035
2031 1 1 0 0 0  114.804  0.   1.0157
2032 1 1 0 0 0   44.625  0.   1.0262
2033 1 1 0 0 0  298.575  0.   1.0337
2034 1 1 0 0 0  228.116  0.   1.0375
2035 1 1 0 0 0  157.627  0.   1.0370
2036 1 1 0 0 0   87.186  0.   1.0323
2037 1 1 0 0 0  341.166  0.   1.0239
2038 1 1 0 0 0  271.034  0.   1.0130
2039 1 1 0 0 0  201.127  0.   1.0006
2040 1 1 0 0 0  131.462  0.   0.9883
2041 1 1 0 0 0   26.336  0.   0.9773
2042 1 1 0 0 0  317.099  0.   0.9690
2043 1 1 0 0 0  247.996  0.   0.9642
2044 1 1 0 0 0  178.952  0.   0.9634
2045 1 1 0 0 0   74.181  0.   0.9667
2046 1 1 0 0 0    5.003  0.   0.9738
2047 1 1 0 0 0  295.651  0.   0.9839
2048 1 1 0 0 0  226.077  0.   0.9958
2049 1 1 0 0 0  120.561  0.   1.0084
2050 1 1 0 0 0   50.510  0.   1.0200
2051 1 1 0 0 0  340.257  0.   1.0295
2052 1 1 0 0 0  269.855  0.   1.0357
2053 1 1 0 0 0  163.677  0.   1.0378
2054 1 1 0 0 0   93.197  0.   1.0356
2055 1 1 0 0 0   22.796  0.   1.0294
2056 1 1 0 0 0  312.544  0.   1.0200
2057 1 1 0 0 0  206.799  0.   1.0082
2058 1 1 0 0 0  136.985  0.   0.9957
2059 1 1 0 0 0   67.414  0.   0.9838
2060 1 1 0 0 0  358.063  0.   0.9737
2061 1 1 0 0 0  253.186  0.   0.9666
2062 1 1 0 0 0  184.116  0.   0.9634
2063 1 1 0 0 0  115.072  0.   0.9642
2064 1 1 0 0 0   45.969  0.   0.9690
2065 1 1 0 0 0  301.036  0.   0.9774
2066 1 1 0 0 0  231.602  0.   0.9883
2067 1 1 0 0 0  161.936  0.   1.0007
2068 1 1 0 0 0   92.028  0.   1.0130
2069 1 1 0 0 0  346.196  0.   1.0240
2070 1 1 0 0 0  275.878  0.   1.0323
2071 1 1 0 0 0  205.437  0.   1.0370
2072 1 1 0 0 0  134.947  0.   1.0375
2073 1 1 0 0 0   28.785  0.   1.0337
2074 1 1 0 0 0  318.435  0.   1.0261
2075 1 1 0 0 0  248.256  0.   1.0156
2076 1 1 0 0 0  178.290  0.   1.0034
2077 1 1 0 0 0   72.875  0.   0.9909
2078 1 1 0 0 0    3.393  0.   0.9796
2079 1 1 0 0 0  294.117  0.   0.9706
2080 1 1 0 0 0  224.990  0.   0.9649
2081 1 1 0 0 0  120.246  0.   0.9632
2082 1 1 0 0 0   51.188  0.   0.9656
2083 1 1 0 0 0  342.041  0.   0.9719
2084 1 1 0 0 0  272.734  0.   0.9814
2085 1 1 0 0 0  167.518  0.   0.9930
2086 1 1 0 0 0   97.751  0.   1.0056
2087 1 1 0 0 0   27.758  0.   1.0175
2088 1 1 0 0 0  317.541  0.   1.0276
2089 1 1 0 0 0  211.469  0.   1.0346
2090 1 1 0 0 0  141.000  0.   1.0377
2091 1 1 0 0 0   70.513  0.   1.0365
2092 1 1 0 0 0    0.087  0.   1.0312
2093 1 1 0 0 0  254.099  0.   1.0223
2094 1 1 0 0 0  184.001  0.   1.0110
2095 1 1 0 0 0  114.133  0.   0.9986
2096 1 1 0 0 0   44.508  0.   0.9864
2097 1 1 0 0 0  299.416  0.   0.9757
2098 1 1 0 0 0  230.205  0.   0.9679
2099 1 1 0 0 0  161.118  0.   0.9638
2100 1 1 0 0 0   92.075  0.   0.9636
2101 1 1 0 0 0  347.292  0.   0.9676
2102 1 1 0 0 0  278.090  0.   0.9752
2103 1 1 0 0 0  208.704  0.   0.9857
2104 1 1 0 0 0  139.093  0.   0.9978
2105 1 1 0 0 0   33.543  0.   1.0103
2106 1 1 0 0 0  323.456  0.   1.0217
2107 1 1 0 0 0  253.175  0.   1.0307
2108 1 1 0 0 0  182.755  0.   1.0363
2109 1 1 0 0 0   76.566  0.   1.0377
2110 1 1 0 0 0    6.094  0.   1.0349
2111 1 1 0 0 0  295.712  0.   1.0281
2112 1 1 0 0 0  225.490  0.   1.0182
2113 1 1 0 0 0  119.776  0.   1.0062
2114 1 1 0 0 0   50.001  0.   0.9937
2115 1 1 0 0 0  340.468  0.   0.9820
2116 1 1 0 0 0  271.149  0.   0.9724
2117 1 1 0 0 0  166.300  0.   0.9658
2118 1 1 0 0 0   97.240  0.   0.9632
2119 1 1 0 0 0   28.191  0.   0.9647
2120 1 1 0 0 0  319.071  0.   0.9701
2121 1 1 0 0 0  214.111  0.   0.9790
2122 1 1 0 0 0  144.641  0.   0.9903
2123 1 1 0 0 0   74.936  0.   1.0027
2124 1 1 0 0 0    4.990  0.   1.0149
2125 1 1 0 0 0  259.119  0.   1.0256
2126 1 1 0 0 0  188.777  0.   1.0333
2127 1 1 0 0 0  118.323  0.   1.0373
2128 1 1 0 0 0   47.832  0.   1.0371
2129 1 1 0 0 0  301.689  0.   1.0327
2130 1 1 0 0 0  231.361  0.   1.0246
2131 1 1 0 0 0  161.216  0.   1.0137
2132 1 1 0 0 0   91.294  0.   1.0014
2133 1 1 0 0 0  345.917  0.   0.9890
2134 1 1 0 0 0  276.471  0.   0.9779
2135 1 1 0 0 0  207.224  0.   0.9694
2136 1 1 0 0 0  138.115  0.   0.9644
2137 1 1 0 0 0   33.369  0.   0.9633
2138 1 1 0 0 0  324.303  0.   0.9664
2139 1 1 0 0 0  255.134  0.   0.9732
2140 1 1 0 0 0  185.789  0.   0.9831
2141 1 1 0 0 0   80.535  0.   0.9950
2142 1 1 0 0 0   10.736  0.   1.0076
2143 1 1 0 0 0  300.700  0.   1.0193
2144 1 1 0 0 0  230.458  0.   1.0290
2145 1 1 0 0 0  124.361  0.   1.0354
2146 1 1 0 0 0   53.889  0.   1.0378
2147 1 1 0 0 0  343.400  0.   1.0359
2148 1 1 0 0 0  272.998  0.   1.0299
2149 1 1 0 0 0  167.032  0.   1.0206
2150 1 1 0 0 0   96.975  0.   1.0090
2151 1 1 0 0 0   27.140  0.   0.9965
2152 1 1 0 0 0  317.547  0.   0.9845
2153 1 1 0 0 0  212.494  0.   0.9743
2154 1 1 0 0 0  143.303  0.   0.9670
2155 1 1 0 0 0   74.233  0.   0.9635
2156 1 1 0 0 0    5.184  0.   0.9640
2157 1 1 0 0 0  260.388  0.   0.9686
2158 1 1 0 0 0  191.165  0.   0.9768
2159 1 1 0 0 0  121.740  0.   0.9876
2160 1 1 0 0 0   52.096  0.   0.9999
2161 1 1 0 0 0  306.500  0.   1.0123
2162 1 1 0 0 0  236.386  0.   1.0234
2163 1 1 0 0 0  166.072  0.   1.0319
2164 1 1 0 0 0   95.642  0.   1.0368
2165 1 1 0 0 0  349.450  0.   1.0376
2166 1 1 0 0 0  278.992  0.   1.0340
2167 1 1 0 0 0  208.627  0.   1.0267
2168 1 1 0 0 0  138.442  0.   1.0164
2169 1 1 0 0 0   32.752  0.   1.0042
2170 1 1 0 0 0  323.024  0.   0.9917
2171 1 1 0 0 0  253.522  0.   0.9803
2172 1 1 0 0 0  184.239  0.   0.9711
2173 1 1 0 0 0   79.405  0.   0.9652
2174 1 1 0 0 0   10.357  0.   0.9632
2175 1 1 0 0 0  301.297  0.   0.9653
2176 1 1 0 0 0  232.165  0.   0.9714
2177 1 1 0 0 0  127.168  0.   0.9807
2178 1 1 0 0 0   57.668  0.   0.9922
2179 1 1 0 0 0  347.918  0.   1.0047
2180 1 1 0 0 0  277.939  0.   1.0168
2181 1 1 0 0 0  172.037  0.   1.0271
2182 1 1 0 0 0  101.678  0.   1.0343
2183 1 1 0 0 0   31.207  0.   1.0376
2184 1 1 0 0 0  320.724  0.   1.0367
2185 1 1 0 0 0  214.588  0.   1.0316
2186 1 1 0 0 0  144.292  0.   1.0230
2187 1 1 0 0 0   74.175  0.   1.0118
2188 1 1 0 0 0    4.296  0.   0.9994
2189 1 1 0 0 0  258.955  0.   0.9871
2190 1 1 0 0 0  189.538  0.   0.9764
2191 1 1 0 0 0  120.323  0.   0.9683
2192 1 1 0 0 0   51.224  0.   0.9639
2193 1 1 0 0 0  306.493  0.   0.9635
2194 1 1 0 0 0  237.397  0.   0.9672
2195 1 1 0 0 0  168.211  0.   0.9746
2196 1 1 0 0 0   98.844  0.   0.9849
2197 1 1 0 0 0  353.547  0.   0.9970
2198 1 1 0 0 0  283.703  0.   1.0095
2199 1 1 0 0 0  213.636  0.   1.0211
