O1   degrees/h:
   13.94304    
Year M D h m s  V0+u(deg)     f
1950 1 1 0 0 0   63.116  0.   1.1801
1951 1 1 0 0 0  161.224  0.   1.1820
1952 1 1 0 0 0  259.388  0.   1.1682
1953 1 1 0 0 0  332.387  0.   1.1390
1954 1 1 0 0 0   71.164  0.   1.0957
1955 1 1 0 0 0  170.588  0.   1.0406
1956 1 1 0 0 0  270.964  0.   0.9779
1957 1 1 0 0 0  347.264  0.   0.9138
1958 1 1 0 0 0   90.473  0.   0.8574
1959 1 1 0 0 0  195.179  0.   0.8187
1960 1 1 0 0 0  300.819  0.   0.8060
1961 1 1 0 0 0   21.030  0.   0.8226
1962 1 1 0 0 0  125.551  0.   0.8643
1963 1 1 0 0 0  228.541  0.   0.9223
1964 1 1 0 0 0  330.013  0.   0.9866
1965 1 1 0 0 0   44.870  0.   1.0488
1966 1 1 0 0 0  144.188  0.   1.1024
1967 1 1 0 0 0  242.897  0.   1.1439
1968 1 1 0 0 0  341.233  0.   1.1710
1969 1 1 0 0 0   54.004  0.   1.1827
1970 1 1 0 0 0  152.117  0.   1.1786
1971 1 1 0 0 0  250.342  0.   1.1587
1972 1 1 0 0 0  348.847  0.   1.1239
1973 1 1 0 0 0   62.469  0.   1.0755
1974 1 1 0 0 0  162.223  0.   1.0169
1975 1 1 0 0 0  263.060  0.   0.9528
1976 1 1 0 0 0    5.302  0.   0.8906
1977 1 1 0 0 0   83.761  0.   0.8397
1978 1 1 0 0 0  188.927  0.   0.8103
1979 1 1 0 0 0  294.668  0.   0.8090
1980 1 1 0 0 0   39.925  0.   0.8361
1981 1 1 0 0 0  118.520  0.   0.8855
1982 1 1 0 0 0  220.900  0.   0.9470
1983 1 1 0 0 0  321.850  0.   1.0113
1984 1 1 0 0 0   61.687  0.   1.0707
1985 1 1 0 0 0  135.366  0.   1.1201
1986 1 1 0 0 0  233.905  0.   1.1562
1987 1 1 0 0 0  332.148  0.   1.1774
1988 1 1 0 0 0   70.263  0.   1.1830
1989 1 1 0 0 0  143.025  0.   1.1727
1990 1 1 0 0 0  241.338  0.   1.1469
1991 1 1 0 0 0  340.004  0.   1.1066
1992 1 1 0 0 0   79.257  0.   1.0539
1993 1 1 0 0 0  154.021  0.   0.9923
1994 1 1 0 0 0  255.369  0.   0.9279
1995 1 1 0 0 0  358.218  0.   0.8690
1996 1 1 0 0 0  102.614  0.   0.8254
1997 1 1 0 0 0  182.765  0.   0.8063
1998 1 1 0 0 0  288.442  0.   0.8164
1999 1 1 0 0 0   33.263  0.   0.8531
2000 1 1 0 0 0  136.614  0.   0.9083
2001 1 1 0 0 0  213.043  0.   0.9721
2002 1 1 0 0 0  313.521  0.   1.0352
2003 1 1 0 0 0   53.016  0.   1.0912
2004 1 1 0 0 0  151.840  0.   1.1357
2005 1 1 0 0 0  224.867  0.   1.1663
2006 1 1 0 0 0  323.043  0.   1.1815
2007 1 1 0 0 0   61.151  0.   1.1809
2008 1 1 0 0 0  159.337  0.   1.1646
2009 1 1 0 0 0  232.388  0.   1.1329
2010 1 1 0 0 0  331.251  0.   1.0875
2011 1 1 0 0 0   70.807  0.   1.0309
2012 1 1 0 0 0  171.368  0.   0.9674
2013 1 1 0 0 0  247.905  0.   0.9039
2014 1 1 0 0 0  351.370  0.   0.8497
2015 1 1 0 0 0   96.280  0.   0.8147
2016 1 1 0 0 0  201.982  0.   0.8067
2017 1 1 0 0 0  282.082  0.   0.8278
2018 1 1 0 0 0   26.373  0.   0.8729
2019 1 1 0 0 0  129.108  0.   0.9325
2020 1 1 0 0 0  230.355  0.   0.9969
2021 1 1 0 0 0  305.042  0.   1.0581
2022 1 1 0 0 0   44.245  0.   1.1100
2023 1 1 0 0 0  142.879  0.   1.1493
2024 1 1 0 0 0  241.174  0.   1.1740
2025 1 1 0 0 0  313.928  0.   1.1831
2026 1 1 0 0 0   52.048  0.   1.1764
2027 1 1 0 0 0  150.307  0.   1.1541
2028 1 1 0 0 0  248.875  0.   1.1170
2029 1 1 0 0 0  322.601  0.   1.0667
2030 1 1 0 0 0   62.507  0.   1.0067
2031 1 1 0 0 0  163.551  0.   0.9424
2032 1 1 0 0 0  266.043  0.   0.8814
2033 1 1 0 0 0  344.750  0.   0.8333
2034 1 1 0 0 0   90.075  0.   0.8081
2035 1 1 0 0 0  195.810  0.   0.8116
2036 1 1 0 0 0  300.898  0.   0.8428
2037 1 1 0 0 0   19.242  0.   0.8948
2038 1 1 0 0 0  121.374  0.   0.9575
2039 1 1 0 0 0  222.121  0.   1.0214
2040 1 1 0 0 0  321.810  0.   1.0794
2041 1 1 0 0 0   35.390  0.   1.1269
2042 1 1 0 0 0  133.868  0.   1.1607
2043 1 1 0 0 0  232.080  0.   1.1794
2044 1 1 0 0 0  330.190  0.   1.1824
2045 1 1 0 0 0   42.968  0.   1.1696
2046 1 1 0 0 0  141.324  0.   1.1414
2047 1 1 0 0 0  240.068  0.   1.0989
2048 1 1 0 0 0  339.442  0.   1.0445
2049 1 1 0 0 0   54.375  0.   0.9819
2050 1 1 0 0 0  155.950  0.   0.9178
2051 1 1 0 0 0  259.055  0.   0.8606
2052 1 1 0 0 0    3.674  0.   0.8205
2053 1 1 0 0 0   83.928  0.   0.8059
2054 1 1 0 0 0  189.530  0.   0.8207
2055 1 1 0 0 0  294.140  0.   0.8610
2056 1 1 0 0 0   37.234  0.   0.9183
2057 1 1 0 0 0  113.432  0.   0.9825
2058 1 1 0 0 0  213.728  0.   1.0449
2059 1 1 0 0 0  313.096  0.   1.0993
2060 1 1 0 0 0   51.836  0.   1.1416
2061 1 1 0 0 0  124.813  0.   1.1698
2062 1 1 0 0 0  222.968  0.   1.1824
2063 1 1 0 0 0  321.078  0.   1.1793
2064 1 1 0 0 0   59.291  0.   1.1605
2065 1 1 0 0 0  132.400  0.   1.1265
2066 1 1 0 0 0  231.356  0.   1.0790
2067 1 1 0 0 0  331.052  0.   1.0209
2068 1 1 0 0 0   71.807  0.   0.9570
2069 1 1 0 0 0  148.589  0.   0.8943
2070 1 1 0 0 0  252.309  0.   0.8425
2071 1 1 0 0 0  357.405  0.   0.8114
2072 1 1 0 0 0  103.141  0.   0.8082
2073 1 1 0 0 0  183.099  0.   0.8337
2074 1 1 0 0 0  287.152  0.   0.8818
2075 1 1 0 0 0   29.633  0.   0.9428
2076 1 1 0 0 0  130.663  0.   1.0072
2077 1 1 0 0 0  205.192  0.   1.0672
2078 1 1 0 0 0  304.284  0.   1.1173
2079 1 1 0 0 0   42.849  0.   1.1543
2080 1 1 0 0 0  141.106  0.   1.1765
2081 1 1 0 0 0  213.853  0.   1.1831
2082 1 1 0 0 0  311.985  0.   1.1738
2083 1 1 0 0 0   50.281  0.   1.1491
2084 1 1 0 0 0  148.918  0.   1.1097
2085 1 1 0 0 0  222.755  0.   1.0575
2086 1 1 0 0 0  322.817  0.   0.9965
2087 1 1 0 0 0   64.080  0.   0.9321
2088 1 1 0 0 0  166.822  0.   0.8725
2089 1 1 0 0 0  245.768  0.   0.8275
2090 1 1 0 0 0  351.228  0.   0.8067
2091 1 1 0 0 0   96.928  0.   0.8148
2092 1 1 0 0 0  201.829  0.   0.8500
2093 1 1 0 0 0  279.922  0.   0.9045
2094 1 1 0 0 0   21.811  0.   0.9679
2095 1 1 0 0 0  122.365  0.   1.0313
2096 1 1 0 0 0  221.915  0.   1.0879
2097 1 1 0 0 0  295.401  0.   1.1333
2098 1 1 0 0 0   33.824  0.   1.1647
2099 1 1 0 0 0  132.009  0.   1.1809
2100 1 1 0 0 0  230.117  0.   1.1814
2101 1 1 0 0 0  302.916  0.   1.1660
2102 1 1 0 0 0   41.321  0.   1.1354
2103 1 1 0 0 0  140.149  0.   1.0909
2104 1 1 0 0 0  239.650  0.   1.0348
2105 1 1 0 0 0  314.770  0.   0.9715
2106 1 1 0 0 0   56.578  0.   0.9079
2107 1 1 0 0 0  159.940  0.   0.8527
2108 1 1 0 0 0  264.770  0.   0.8162
2109 1 1 0 0 0  345.093  0.   0.8063
2110 1 1 0 0 0   90.593  0.   0.8256
2111 1 1 0 0 0  194.979  0.   0.8694
2112 1 1 0 0 0  297.817  0.   0.9284
2113 1 1 0 0 0   13.784  0.   0.9929
2114 1 1 0 0 0  113.908  0.   1.0544
2115 1 1 0 0 0  213.155  0.   1.1070
2116 1 1 0 0 0  311.819  0.   1.1472
2117 1 1 0 0 0   24.756  0.   1.1729
2118 1 1 0 0 0  122.893  0.   1.1830
2119 1 1 0 0 0  221.010  0.   1.1773
2120 1 1 0 0 0  319.255  0.   1.1560
2121 1 1 0 0 0   32.425  0.   1.1197
2122 1 1 0 0 0  131.480  0.   1.0703
2123 1 1 0 0 0  231.324  0.   1.0108
2124 1 1 0 0 0  332.283  0.   0.9466
2125 1 1 0 0 0   49.310  0.   0.8849
2126 1 1 0 0 0  153.278  0.   0.8358
2127 1 1 0 0 0  258.542  0.   0.8089
2128 1 1 0 0 0    4.283  0.   0.8104
2129 1 1 0 0 0   84.085  0.   0.8401
2130 1 1 0 0 0  187.891  0.   0.8910
2131 1 1 0 0 0  290.122  0.   0.9532
2132 1 1 0 0 0   30.950  0.   1.0173
2133 1 1 0 0 0  105.327  0.   1.0761
2134 1 1 0 0 0  204.317  0.   1.1242
2135 1 1 0 0 0  302.819  0.   1.1589
2136 1 1 0 0 0   41.043  0.   1.1786
2137 1 1 0 0 0  113.778  0.   1.1827
2138 1 1 0 0 0  211.926  0.   1.1709
2139 1 1 0 0 0  310.264  0.   1.1437
2140 1 1 0 0 0   48.972  0.   1.1021
2141 1 1 0 0 0  122.926  0.   1.0482
2142 1 1 0 0 0  223.162  0.   0.9861
2143 1 1 0 0 0  324.644  0.   0.9219
2144 1 1 0 0 0   67.646  0.   0.8640
2145 1 1 0 0 0  146.818  0.   0.8223
2146 1 1 0 0 0  252.392  0.   0.8060
2147 1 1 0 0 0  358.024  0.   0.8188
2148 1 1 0 0 0  102.725  0.   0.8577
2149 1 1 0 0 0  180.557  0.   0.9144
2150 1 1 0 0 0  282.214  0.   0.9783
2151 1 1 0 0 0   22.579  0.   1.0410
2152 1 1 0 0 0  121.993  0.   1.0960
2153 1 1 0 0 0  195.398  0.   1.1394
2154 1 1 0 0 0  293.766  0.   1.1684
2155 1 1 0 0 0   31.933  0.   1.1821
2156 1 1 0 0 0  130.038  0.   1.1800
2157 1 1 0 0 0  202.862  0.   1.1621
2158 1 1 0 0 0  301.325  0.   1.1291
2159 1 1 0 0 0   40.239  0.   1.0825
2160 1 1 0 0 0  139.881  0.   1.0250
2161 1 1 0 0 0  215.188  0.   0.9610
2162 1 1 0 0 0  317.240  0.   0.8981
2163 1 1 0 0 0   60.853  0.   0.8453
2164 1 1 0 0 0  165.880  0.   0.8127
2165 1 1 0 0 0  246.249  0.   0.8075
2166 1 1 0 0 0  351.627  0.   0.8312
2167 1 1 0 0 0   95.773  0.   0.8781
2168 1 1 0 0 0  198.360  0.   0.9387
2169 1 1 0 0 0  274.101  0.   1.0032
2170 1 1 0 0 0   14.065  0.   1.0636
2171 1 1 0 0 0  113.196  0.   1.1144
2172 1 1 0 0 0  211.792  0.   1.1523
2173 1 1 0 0 0  284.686  0.   1.1756
2174 1 1 0 0 0   22.814  0.   1.1832
2175 1 1 0 0 0  120.938  0.   1.1749
2176 1 1 0 0 0  219.222  0.   1.1511
2177 1 1 0 0 0  292.454  0.   1.1125
2178 1 1 0 0 0   31.621  0.   1.0613
2179 1 1 0 0 0  131.618  0.   1.0006
2180 1 1 0 0 0  232.793  0.   0.9362
2181 1 1 0 0 0  310.072  0.   0.8759
2182 1 1 0 0 0   54.287  0.   0.8298
2183 1 1 0 0 0  159.691  0.   0.8072
2184 1 1 0 0 0  265.412  0.   0.8134
2185 1 1 0 0 0  345.031  0.   0.8472
2186 1 1 0 0 0   88.588  0.   0.9006
2187 1 1 0 0 0  190.570  0.   0.9637
2188 1 1 0 0 0  291.205  0.   1.0273
2189 1 1 0 0 0    5.435  0.   1.0846
2190 1 1 0 0 0  104.326  0.   1.1308
2191 1 1 0 0 0  202.774  0.   1.1631
2192 1 1 0 0 0  300.966  0.   1.1804
2193 1 1 0 0 0   13.704  0.   1.1818
2194 1 1 0 0 0  111.860  0.   1.1675
2195 1 1 0 0 0  210.249  0.   1.1379
2196 1 1 0 0 0  309.046  0.   1.0941
2197 1 1 0 0 0   23.121  0.   1.0386
2198 1 1 0 0 0  123.532  0.   0.9757
2199 1 1 0 0 0  225.248  0.   0.9119
