OO1  degrees/h:
   16.13910    
Year M D h m s  V0+u(deg)     f
1950 1 1 0 0 0  132.535  0.   1.7634
1951 1 1 0 0 0   41.171  0.   1.7742
1952 1 1 0 0 0  309.580  0.   1.7002
1953 1 1 0 0 0  244.495  0.   1.5521
1954 1 1 0 0 0  150.483  0.   1.3531
1955 1 1 0 0 0   54.083  0.   1.1313
1956 1 1 0 0 0  314.342  0.   0.9157
1957 1 1 0 0 0  237.597  0.   0.7302
1958 1 1 0 0 0  128.489  0.   0.5924
1959 1 1 0 0 0   14.601  0.   0.5098
1960 1 1 0 0 0  257.768  0.   0.4848
1961 1 1 0 0 0  168.464  0.   0.5178
1962 1 1 0 0 0   55.164  0.   0.6082
1963 1 1 0 0 0  306.762  0.   0.7531
1964 1 1 0 0 0  203.328  0.   0.9434
1965 1 1 0 0 0  131.446  0.   1.1620
1966 1 1 0 0 0   35.429  0.   1.3825
1967 1 1 0 0 0  301.677  0.   1.5761
1968 1 1 0 0 0  209.384  0.   1.7148
1969 1 1 0 0 0  145.225  0.   1.7779
1970 1 1 0 0 0   53.845  0.   1.7552
1971 1 1 0 0 0  321.999  0.   1.6506
1972 1 1 0 0 0  229.036  0.   1.4800
1973 1 1 0 0 0  161.562  0.   1.2681
1974 1 1 0 0 0   63.985  0.   1.0454
1975 1 1 0 0 0  322.676  0.   0.8391
1976 1 1 0 0 0  216.704  0.   0.6710
1977 1 1 0 0 0  132.955  0.   0.5536
1978 1 1 0 0 0   17.612  0.   0.4933
1979 1 1 0 0 0  260.457  0.   0.4907
1980 1 1 0 0 0  144.830  0.   0.5459
1981 1 1 0 0 0   60.642  0.   0.6583
1982 1 1 0 0 0  314.222  0.   0.8224
1983 1 1 0 0 0  212.532  0.   1.0260
1984 1 1 0 0 0  114.663  0.   1.2483
1985 1 1 0 0 0   46.981  0.   1.4624
1986 1 1 0 0 0  313.884  0.   1.6378
1987 1 1 0 0 0  221.966  0.   1.7491
1988 1 1 0 0 0  130.571  0.   1.7794
1989 1 1 0 0 0   66.450  0.   1.7237
1990 1 1 0 0 0  334.252  0.   1.5910
1991 1 1 0 0 0  240.660  0.   1.4013
1992 1 1 0 0 0  144.881  0.   1.1820
1993 1 1 0 0 0   73.325  0.   0.9620
1994 1 1 0 0 0  330.303  0.   0.7685
1995 1 1 0 0 0  222.358  0.   0.6190
1996 1 1 0 0 0  109.456  0.   0.5235
1997 1 1 0 0 0   20.339  0.   0.4854
1998 1 1 0 0 0  263.386  0.   0.5053
1999 1 1 0 0 0  149.136  0.   0.5828
2000 1 1 0 0 0   39.572  0.   0.7159
2001 1 1 0 0 0  322.398  0.   0.8976
2002 1 1 0 0 0  222.310  0.   1.1114
2003 1 1 0 0 0  125.653  0.   1.3338
2004 1 1 0 0 0   31.463  0.   1.5361
2005 1 1 0 0 0  326.269  0.   1.6897
2006 1 1 0 0 0  234.627  0.   1.7710
2007 1 1 0 0 0  143.267  0.   1.7679
2008 1 1 0 0 0   51.582  0.   1.6808
2009 1 1 0 0 0  346.294  0.   1.5228
2010 1 1 0 0 0  251.955  0.   1.3181
2011 1 1 0 0 0  155.084  0.   1.0953
2012 1 1 0 0 0   54.709  0.   0.8832
2013 1 1 0 0 0  337.182  0.   0.7045
2014 1 1 0 0 0  227.251  0.   0.5753
2015 1 1 0 0 0  112.718  0.   0.5019
2016 1 1 0 0 0  355.688  0.   0.4862
2017 1 1 0 0 0  266.737  0.   0.5285
2018 1 1 0 0 0  154.166  0.   0.6281
2019 1 1 0 0 0   46.592  0.   0.7811
2020 1 1 0 0 0  303.901  0.   0.9773
2021 1 1 0 0 0  232.607  0.   1.1982
2022 1 1 0 0 0  137.013  0.   1.4163
2023 1 1 0 0 0   43.548  0.   1.6028
2024 1 1 0 0 0  311.423  0.   1.7305
2025 1 1 0 0 0  247.331  0.   1.7801
2026 1 1 0 0 0  155.917  0.   1.7436
2027 1 1 0 0 0   63.937  0.   1.6270
2028 1 1 0 0 0  330.726  0.   1.4479
2029 1 1 0 0 0  262.871  0.   1.2321
2030 1 1 0 0 0  164.759  0.   1.0103
2031 1 1 0 0 0   62.755  0.   0.8090
2032 1 1 0 0 0  315.968  0.   0.6484
2033 1 1 0 0 0  231.427  0.   0.5400
2034 1 1 0 0 0  115.585  0.   0.4889
2035 1 1 0 0 0  358.451  0.   0.4957
2036 1 1 0 0 0  243.353  0.   0.5602
2037 1 1 0 0 0  159.966  0.   0.6815
2038 1 1 0 0 0   54.356  0.   0.8530
2039 1 1 0 0 0  313.351  0.   1.0612
2040 1 1 0 0 0  216.004  0.   1.2841
2041 1 1 0 0 0  148.692  0.   1.4941
2042 1 1 0 0 0   55.833  0.   1.6606
2043 1 1 0 0 0  324.042  0.   1.7597
2044 1 1 0 0 0  232.671  0.   1.7762
2045 1 1 0 0 0  168.481  0.   1.7071
2046 1 1 0 0 0   76.106  0.   1.5636
2047 1 1 0 0 0  342.219  0.   1.3671
2048 1 1 0 0 0  246.003  0.   1.1459
2049 1 1 0 0 0  173.852  0.   0.9285
2050 1 1 0 0 0   70.078  0.   0.7410
2051 1 1 0 0 0  321.304  0.   0.5998
2052 1 1 0 0 0  207.692  0.   0.5135
2053 1 1 0 0 0  118.256  0.   0.4847
2054 1 1 0 0 0    1.539  0.   0.5139
2055 1 1 0 0 0  247.957  0.   0.6006
2056 1 1 0 0 0  139.219  0.   0.7422
2057 1 1 0 0 0   62.816  0.   0.9305
2058 1 1 0 0 0  323.351  0.   1.1474
2059 1 1 0 0 0  227.154  0.   1.3686
2060 1 1 0 0 0  133.281  0.   1.5648
2061 1 1 0 0 0   68.282  0.   1.7082
2062 1 1 0 0 0  336.727  0.   1.7764
2063 1 1 0 0 0  245.356  0.   1.7593
2064 1 1 0 0 0  153.560  0.   1.6597
2065 1 1 0 0 0   88.049  0.   1.4922
2066 1 1 0 0 0  353.363  0.   1.2825
2067 1 1 0 0 0  255.994  0.   1.0597
2068 1 1 0 0 0  154.959  0.   0.8516
2069 1 1 0 0 0   76.632  0.   0.6801
2070 1 1 0 0 0  325.886  0.   0.5595
2071 1 1 0 0 0  210.764  0.   0.4954
2072 1 1 0 0 0   93.627  0.   0.4891
2073 1 1 0 0 0    5.112  0.   0.5408
2074 1 1 0 0 0  253.303  0.   0.6493
2075 1 1 0 0 0  146.553  0.   0.8103
2076 1 1 0 0 0   44.583  0.   1.0118
2077 1 1 0 0 0  333.847  0.   1.2343
2078 1 1 0 0 0  238.657  0.   1.4494
2079 1 1 0 0 0  145.458  0.   1.6280
2080 1 1 0 0 0   53.484  0.   1.7442
2081 1 1 0 0 0  349.436  0.   1.7800
2082 1 1 0 0 0  257.973  0.   1.7299
2083 1 1 0 0 0  165.841  0.   1.6017
2084 1 1 0 0 0   72.364  0.   1.4149
2085 1 1 0 0 0    4.104  0.   1.1960
2086 1 1 0 0 0  265.436  0.   0.9758
2087 1 1 0 0 0  162.708  0.   0.7799
2088 1 1 0 0 0   55.101  0.   0.6272
2089 1 1 0 0 0  329.798  0.   0.5278
2090 1 1 0 0 0  213.529  0.   0.4861
2091 1 1 0 0 0   96.506  0.   0.5022
2092 1 1 0 0 0  342.001  0.   0.5760
2093 1 1 0 0 0  259.426  0.   0.7060
2094 1 1 0 0 0  154.611  0.   0.8846
2095 1 1 0 0 0   54.265  0.   1.0969
2096 1 1 0 0 0  317.414  0.   1.3196
2097 1 1 0 0 0  250.450  0.   1.5246
2098 1 1 0 0 0  157.810  0.   1.6817
2099 1 1 0 0 0   66.129  0.   1.7682
2100 1 1 0 0 0  334.769  0.   1.7707
2101 1 1 0 0 0  270.491  0.   1.6885
2102 1 1 0 0 0  177.922  0.   1.5348
2103 1 1 0 0 0   83.717  0.   1.3323
2104 1 1 0 0 0  347.040  0.   1.1098
2105 1 1 0 0 0  274.259  0.   0.8957
2106 1 1 0 0 0  169.714  0.   0.7147
2107 1 1 0 0 0   60.114  0.   0.5820
2108 1 1 0 0 0  305.836  0.   0.5049
2109 1 1 0 0 0  216.172  0.   0.4855
2110 1 1 0 0 0   99.775  0.   0.5240
2111 1 1 0 0 0  346.905  0.   0.6199
2112 1 1 0 0 0  238.997  0.   0.7697
2113 1 1 0 0 0  163.350  0.   0.9641
2114 1 1 0 0 0   64.480  0.   1.1836
2115 1 1 0 0 0  328.720  0.   1.4028
2116 1 1 0 0 0  235.141  0.   1.5922
2117 1 1 0 0 0  170.314  0.   1.7247
2118 1 1 0 0 0   78.830  0.   1.7795
2119 1 1 0 0 0  347.432  0.   1.7486
2120 1 1 0 0 0  255.508  0.   1.6367
2121 1 1 0 0 0  189.757  0.   1.4605
2122 1 1 0 0 0   94.700  0.   1.2467
2123 1 1 0 0 0  356.808  0.   1.0244
2124 1 1 0 0 0  255.087  0.   0.8210
2125 1 1 0 0 0  175.952  0.   0.6570
2126 1 1 0 0 0   64.411  0.   0.5453
2127 1 1 0 0 0  308.762  0.   0.4905
2128 1 1 0 0 0  191.608  0.   0.4935
2129 1 1 0 0 0  103.593  0.   0.5545
2130 1 1 0 0 0  352.573  0.   0.6720
2131 1 1 0 0 0  246.637  0.   0.8405
2132 1 1 0 0 0  145.358  0.   1.0469
2133 1 1 0 0 0   75.155  0.   1.2703
2134 1 1 0 0 0  340.344  0.   1.4814
2135 1 1 0 0 0  247.391  0.   1.6516
2136 1 1 0 0 0  155.551  0.   1.7557
2137 1 1 0 0 0   91.541  0.   1.7777
2138 1 1 0 0 0    0.012  0.   1.7141
2139 1 1 0 0 0  267.711  0.   1.5748
2140 1 1 0 0 0  173.950  0.   1.3810
2141 1 1 0 0 0  105.261  0.   1.1598
2142 1 1 0 0 0    6.003  0.   0.9419
2143 1 1 0 0 0  262.536  0.   0.7519
2144 1 1 0 0 0  154.097  0.   0.6074
2145 1 1 0 0 0   68.070  0.   0.5172
2146 1 1 0 0 0  311.449  0.   0.4848
2147 1 1 0 0 0  194.630  0.   0.5102
2148 1 1 0 0 0   80.768  0.   0.5932
2149 1 1 0 0 0  359.023  0.   0.7318
2150 1 1 0 0 0  254.983  0.   0.9171
2151 1 1 0 0 0  155.273  0.   1.1329
2152 1 1 0 0 0   58.898  0.   1.3546
2153 1 1 0 0 0  352.255  0.   1.5538
2154 1 1 0 0 0  259.820  0.   1.7010
2155 1 1 0 0 0  168.228  0.   1.7745
2156 1 1 0 0 0   76.867  0.   1.7630
2157 1 1 0 0 0   12.484  0.   1.6681
2158 1 1 0 0 0  279.699  0.   1.5047
2159 1 1 0 0 0  185.160  0.   1.2969
2160 1 1 0 0 0   87.991  0.   1.0740
2161 1 1 0 0 0   14.563  0.   0.8637
2162 1 1 0 0 0  269.223  0.   0.6898
2163 1 1 0 0 0  158.809  0.   0.5657
2164 1 1 0 0 0   43.914  0.   0.4979
2165 1 1 0 0 0  314.107  0.   0.4878
2166 1 1 0 0 0  198.107  0.   0.5356
2167 1 1 0 0 0   85.990  0.   0.6406
2168 1 1 0 0 0  338.903  0.   0.7984
2169 1 1 0 0 0  263.995  0.   0.9984
2170 1 1 0 0 0  165.691  0.   1.2198
2171 1 1 0 0 0   70.345  0.   1.4361
2172 1 1 0 0 0  337.037  0.   1.6180
2173 1 1 0 0 0  272.372  0.   1.7391
2174 1 1 0 0 0  180.939  0.   1.7803
2175 1 1 0 0 0   89.502  0.   1.7357
2176 1 1 0 0 0  357.430  0.   1.6121
2177 1 1 0 0 0  291.423  0.   1.4278
2178 1 1 0 0 0  195.968  0.   1.2106
2179 1 1 0 0 0   97.530  0.   0.9897
2180 1 1 0 0 0  355.095  0.   0.7915
2181 1 1 0 0 0  275.137  0.   0.6352
2182 1 1 0 0 0  162.820  0.   0.5326
2183 1 1 0 0 0   46.719  0.   0.4871
2184 1 1 0 0 0  289.635  0.   0.4994
2185 1 1 0 0 0  202.194  0.   0.5697
2186 1 1 0 0 0   91.978  0.   0.6960
2187 1 1 0 0 0  346.847  0.   0.8717
2188 1 1 0 0 0  246.234  0.   1.0825
2189 1 1 0 0 0  176.543  0.   1.3059
2190 1 1 0 0 0   82.091  0.   1.5124
2191 1 1 0 0 0  349.361  0.   1.6734
2192 1 1 0 0 0  257.642  0.   1.7650
2193 1 1 0 0 0  193.641  0.   1.7731
2194 1 1 0 0 0  102.043  0.   1.6963
2195 1 1 0 0 0    9.551  0.   1.5466
2196 1 1 0 0 0  275.473  0.   1.3464
2197 1 1 0 0 0  206.335  0.   1.1238
2198 1 1 0 0 0  106.468  0.   0.9088
2199 1 1 0 0 0    2.233  0.   0.7252
