P1   degrees/h:
   14.95893    
Year M D h m s  V0+u(deg)     f
1950 1 1 0 0 0  349.919  0.   1.0000
1951 1 1 0 0 0  350.158  0.   1.0000
1952 1 1 0 0 0  350.396  0.   1.0000
1953 1 1 0 0 0  349.650  0.   1.0000
1954 1 1 0 0 0  349.888  0.   1.0000
1955 1 1 0 0 0  350.127  0.   1.0000
1956 1 1 0 0 0  350.366  0.   1.0000
1957 1 1 0 0 0  349.619  0.   1.0000
1958 1 1 0 0 0  349.857  0.   1.0000
1959 1 1 0 0 0  350.096  0.   1.0000
1960 1 1 0 0 0  350.335  0.   1.0000
1961 1 1 0 0 0  349.588  0.   1.0000
1962 1 1 0 0 0  349.827  0.   1.0000
1963 1 1 0 0 0  350.065  0.   1.0000
1964 1 1 0 0 0  350.304  0.   1.0000
1965 1 1 0 0 0  349.557  0.   1.0000
1966 1 1 0 0 0  349.796  0.   1.0000
1967 1 1 0 0 0  350.035  0.   1.0000
1968 1 1 0 0 0  350.273  0.   1.0000
1969 1 1 0 0 0  349.526  0.   1.0000
1970 1 1 0 0 0  349.765  0.   1.0000
1971 1 1 0 0 0  350.004  0.   1.0000
1972 1 1 0 0 0  350.243  0.   1.0000
1973 1 1 0 0 0  349.496  0.   1.0000
1974 1 1 0 0 0  349.734  0.   1.0000
1975 1 1 0 0 0  349.973  0.   1.0000
1976 1 1 0 0 0  350.212  0.   1.0000
1977 1 1 0 0 0  349.465  0.   1.0000
1978 1 1 0 0 0  349.704  0.   1.0000
1979 1 1 0 0 0  349.942  0.   1.0000
1980 1 1 0 0 0  350.181  0.   1.0000
1981 1 1 0 0 0  349.434  0.   1.0000
1982 1 1 0 0 0  349.673  0.   1.0000
1983 1 1 0 0 0  349.912  0.   1.0000
1984 1 1 0 0 0  350.150  0.   1.0000
1985 1 1 0 0 0  349.404  0.   1.0000
1986 1 1 0 0 0  349.642  0.   1.0000
1987 1 1 0 0 0  349.881  0.   1.0000
1988 1 1 0 0 0  350.120  0.   1.0000
1989 1 1 0 0 0  349.373  0.   1.0000
1990 1 1 0 0 0  349.612  0.   1.0000
1991 1 1 0 0 0  349.850  0.   1.0000
1992 1 1 0 0 0  350.089  0.   1.0000
1993 1 1 0 0 0  349.342  0.   1.0000
1994 1 1 0 0 0  349.581  0.   1.0000
1995 1 1 0 0 0  349.819  0.   1.0000
1996 1 1 0 0 0  350.058  0.   1.0000
1997 1 1 0 0 0  349.311  0.   1.0000
1998 1 1 0 0 0  349.550  0.   1.0000
1999 1 1 0 0 0  349.789  0.   1.0000
2000 1 1 0 0 0  350.027  0.   1.0000
2001 1 1 0 0 0  349.281  0.   1.0000
2002 1 1 0 0 0  349.519  0.   1.0000
2003 1 1 0 0 0  349.758  0.   1.0000
2004 1 1 0 0 0  349.997  0.   1.0000
2005 1 1 0 0 0  349.250  0.   1.0000
2006 1 1 0 0 0  349.489  0.   1.0000
2007 1 1 0 0 0  349.727  0.   1.0000
2008 1 1 0 0 0  349.966  0.   1.0000
2009 1 1 0 0 0  349.219  0.   1.0000
2010 1 1 0 0 0  349.458  0.   1.0000
2011 1 1 0 0 0  349.696  0.   1.0000
2012 1 1 0 0 0  349.935  0.   1.0000
2013 1 1 0 0 0  349.188  0.   1.0000
2014 1 1 0 0 0  349.427  0.   1.0000
2015 1 1 0 0 0  349.666  0.   1.0000
2016 1 1 0 0 0  349.904  0.   1.0000
2017 1 1 0 0 0  349.158  0.   1.0000
2018 1 1 0 0 0  349.396  0.   1.0000
2019 1 1 0 0 0  349.635  0.   1.0000
2020 1 1 0 0 0  349.874  0.   1.0000
2021 1 1 0 0 0  349.127  0.   1.0000
2022 1 1 0 0 0  349.366  0.   1.0000
2023 1 1 0 0 0  349.604  0.   1.0000
2024 1 1 0 0 0  349.843  0.   1.0000
2025 1 1 0 0 0  349.096  0.   1.0000
2026 1 1 0 0 0  349.335  0.   1.0000
2027 1 1 0 0 0  349.573  0.   1.0000
2028 1 1 0 0 0  349.812  0.   1.0000
2029 1 1 0 0 0  349.065  0.   1.0000
2030 1 1 0 0 0  349.304  0.   1.0000
2031 1 1 0 0 0  349.543  0.   1.0000
2032 1 1 0 0 0  349.781  0.   1.0000
2033 1 1 0 0 0  349.035  0.   1.0000
2034 1 1 0 0 0  349.273  0.   1.0000
2035 1 1 0 0 0  349.512  0.   1.0000
2036 1 1 0 0 0  349.751  0.   1.0000
2037 1 1 0 0 0  349.004  0.   1.0000
2038 1 1 0 0 0  349.243  0.   1.0000
2039 1 1 0 0 0  349.481  0.   1.0000
2040 1 1 0 0 0  349.720  0.   1.0000
2041 1 1 0 0 0  348.973  0.   1.0000
2042 1 1 0 0 0  349.212  0.   1.0000
2043 1 1 0 0 0  349.451  0.   1.0000
2044 1 1 0 0 0  349.689  0.   1.0000
2045 1 1 0 0 0  348.942  0.   1.0000
2046 1 1 0 0 0  349.181  0.   1.0000
2047 1 1 0 0 0  349.420  0.   1.0000
2048 1 1 0 0 0  349.658  0.   1.0000
2049 1 1 0 0 0  348.912  0.   1.0000
2050 1 1 0 0 0  349.150  0.   1.0000
2051 1 1 0 0 0  349.389  0.   1.0000
2052 1 1 0 0 0  349.628  0.   1.0000
2053 1 1 0 0 0  348.881  0.   1.0000
2054 1 1 0 0 0  349.120  0.   1.0000
2055 1 1 0 0 0  349.358  0.   1.0000
2056 1 1 0 0 0  349.597  0.   1.0000
2057 1 1 0 0 0  348.850  0.   1.0000
2058 1 1 0 0 0  349.089  0.   1.0000
2059 1 1 0 0 0  349.328  0.   1.0000
2060 1 1 0 0 0  349.566  0.   1.0000
2061 1 1 0 0 0  348.819  0.   1.0000
2062 1 1 0 0 0  349.058  0.   1.0000
2063 1 1 0 0 0  349.297  0.   1.0000
2064 1 1 0 0 0  349.535  0.   1.0000
2065 1 1 0 0 0  348.789  0.   1.0000
2066 1 1 0 0 0  349.027  0.   1.0000
2067 1 1 0 0 0  349.266  0.   1.0000
2068 1 1 0 0 0  349.505  0.   1.0000
2069 1 1 0 0 0  348.758  0.   1.0000
2070 1 1 0 0 0  348.997  0.   1.0000
2071 1 1 0 0 0  349.235  0.   1.0000
2072 1 1 0 0 0  349.474  0.   1.0000
2073 1 1 0 0 0  348.727  0.   1.0000
2074 1 1 0 0 0  348.966  0.   1.0000
2075 1 1 0 0 0  349.205  0.   1.0000
2076 1 1 0 0 0  349.443  0.   1.0000
2077 1 1 0 0 0  348.696  0.   1.0000
2078 1 1 0 0 0  348.935  0.   1.0000
2079 1 1 0 0 0  349.174  0.   1.0000
2080 1 1 0 0 0  349.413  0.   1.0000
2081 1 1 0 0 0  348.666  0.   1.0000
2082 1 1 0 0 0  348.904  0.   1.0000
2083 1 1 0 0 0  349.143  0.   1.0000
2084 1 1 0 0 0  349.382  0.   1.0000
2085 1 1 0 0 0  348.635  0.   1.0000
2086 1 1 0 0 0  348.874  0.   1.0000
2087 1 1 0 0 0  349.112  0.   1.0000
2088 1 1 0 0 0  349.351  0.   1.0000
2089 1 1 0 0 0  348.604  0.   1.0000
2090 1 1 0 0 0  348.843  0.   1.0000
2091 1 1 0 0 0  349.082  0.   1.0000
2092 1 1 0 0 0  349.320  0.   1.0000
2093 1 1 0 0 0  348.573  0.   1.0000
2094 1 1 0 0 0  348.812  0.   1.0000
2095 1 1 0 0 0  349.051  0.   1.0000
2096 1 1 0 0 0  349.290  0.   1.0000
2097 1 1 0 0 0  348.543  0.   1.0000
2098 1 1 0 0 0  348.781  0.   1.0000
2099 1 1 0 0 0  349.020  0.   1.0000
2100 1 1 0 0 0  349.259  0.   1.0000
2101 1 1 0 0 0  348.512  0.   1.0000
2102 1 1 0 0 0  348.751  0.   1.0000
2103 1 1 0 0 0  348.989  0.   1.0000
2104 1 1 0 0 0  349.228  0.   1.0000
2105 1 1 0 0 0  348.481  0.   1.0000
2106 1 1 0 0 0  348.720  0.   1.0000
2107 1 1 0 0 0  348.959  0.   1.0000
2108 1 1 0 0 0  349.197  0.   1.0000
2109 1 1 0 0 0  348.450  0.   1.0000
2110 1 1 0 0 0  348.689  0.   1.0000
2111 1 1 0 0 0  348.928  0.   1.0000
2112 1 1 0 0 0  349.167  0.   1.0000
2113 1 1 0 0 0  348.420  0.   1.0000
2114 1 1 0 0 0  348.658  0.   1.0000
2115 1 1 0 0 0  348.897  0.   1.0000
2116 1 1 0 0 0  349.136  0.   1.0000
2117 1 1 0 0 0  348.389  0.   1.0000
2118 1 1 0 0 0  348.628  0.   1.0000
2119 1 1 0 0 0  348.866  0.   1.0000
2120 1 1 0 0 0  349.105  0.   1.0000
2121 1 1 0 0 0  348.358  0.   1.0000
2122 1 1 0 0 0  348.597  0.   1.0000
2123 1 1 0 0 0  348.836  0.   1.0000
2124 1 1 0 0 0  349.074  0.   1.0000
2125 1 1 0 0 0  348.327  0.   1.0000
2126 1 1 0 0 0  348.566  0.   1.0000
2127 1 1 0 0 0  348.805  0.   1.0000
2128 1 1 0 0 0  349.044  0.   1.0000
2129 1 1 0 0 0  348.297  0.   1.0000
2130 1 1 0 0 0  348.535  0.   1.0000
2131 1 1 0 0 0  348.774  0.   1.0000
2132 1 1 0 0 0  349.013  0.   1.0000
2133 1 1 0 0 0  348.266  0.   1.0000
2134 1 1 0 0 0  348.505  0.   1.0000
2135 1 1 0 0 0  348.743  0.   1.0000
2136 1 1 0 0 0  348.982  0.   1.0000
2137 1 1 0 0 0  348.235  0.   1.0000
2138 1 1 0 0 0  348.474  0.   1.0000
2139 1 1 0 0 0  348.713  0.   1.0000
2140 1 1 0 0 0  348.951  0.   1.0000
2141 1 1 0 0 0  348.204  0.   1.0000
2142 1 1 0 0 0  348.443  0.   1.0000
2143 1 1 0 0 0  348.682  0.   1.0000
2144 1 1 0 0 0  348.921  0.   1.0000
2145 1 1 0 0 0  348.174  0.   1.0000
2146 1 1 0 0 0  348.412  0.   1.0000
2147 1 1 0 0 0  348.651  0.   1.0000
2148 1 1 0 0 0  348.890  0.   1.0000
2149 1 1 0 0 0  348.143  0.   1.0000
2150 1 1 0 0 0  348.382  0.   1.0000
2151 1 1 0 0 0  348.620  0.   1.0000
2152 1 1 0 0 0  348.859  0.   1.0000
2153 1 1 0 0 0  348.112  0.   1.0000
2154 1 1 0 0 0  348.351  0.   1.0000
2155 1 1 0 0 0  348.590  0.   1.0000
2156 1 1 0 0 0  348.828  0.   1.0000
2157 1 1 0 0 0  348.081  0.   1.0000
2158 1 1 0 0 0  348.320  0.   1.0000
2159 1 1 0 0 0  348.559  0.   1.0000
2160 1 1 0 0 0  348.798  0.   1.0000
2161 1 1 0 0 0  348.051  0.   1.0000
2162 1 1 0 0 0  348.289  0.   1.0000
2163 1 1 0 0 0  348.528  0.   1.0000
2164 1 1 0 0 0  348.767  0.   1.0000
2165 1 1 0 0 0  348.020  0.   1.0000
2166 1 1 0 0 0  348.259  0.   1.0000
2167 1 1 0 0 0  348.497  0.   1.0000
2168 1 1 0 0 0  348.736  0.   1.0000
2169 1 1 0 0 0  347.989  0.   1.0000
2170 1 1 0 0 0  348.228  0.   1.0000
2171 1 1 0 0 0  348.467  0.   1.0000
2172 1 1 0 0 0  348.705  0.   1.0000
2173 1 1 0 0 0  347.958  0.   1.0000
2174 1 1 0 0 0  348.197  0.   1.0000
2175 1 1 0 0 0  348.436  0.   1.0000
2176 1 1 0 0 0  348.675  0.   1.0000
2177 1 1 0 0 0  347.928  0.   1.0000
2178 1 1 0 0 0  348.166  0.   1.0000
2179 1 1 0 0 0  348.405  0.   1.0000
2180 1 1 0 0 0  348.644  0.   1.0000
2181 1 1 0 0 0  347.897  0.   1.0000
2182 1 1 0 0 0  348.136  0.   1.0000
2183 1 1 0 0 0  348.374  0.   1.0000
2184 1 1 0 0 0  348.613  0.   1.0000
2185 1 1 0 0 0  347.866  0.   1.0000
2186 1 1 0 0 0  348.105  0.   1.0000
2187 1 1 0 0 0  348.344  0.   1.0000
2188 1 1 0 0 0  348.582  0.   1.0000
2189 1 1 0 0 0  347.835  0.   1.0000
2190 1 1 0 0 0  348.074  0.   1.0000
2191 1 1 0 0 0  348.313  0.   1.0000
2192 1 1 0 0 0  348.552  0.   1.0000
2193 1 1 0 0 0  347.805  0.   1.0000
2194 1 1 0 0 0  348.043  0.   1.0000
2195 1 1 0 0 0  348.282  0.   1.0000
2196 1 1 0 0 0  348.521  0.   1.0000
2197 1 1 0 0 0  347.774  0.   1.0000
2198 1 1 0 0 0  348.013  0.   1.0000
2199 1 1 0 0 0  348.251  0.   1.0000
