Q1   degrees/h:
   13.39866    
Year M D h m s  V0+u(deg)     f
1950 1 1 0 0 0  207.576  0.   1.1801
1951 1 1 0 0 0  216.963  0.   1.1820
1952 1 1 0 0 0  226.404  0.   1.1682
1953 1 1 0 0 0  197.614  0.   1.1390
1954 1 1 0 0 0  207.669  0.   1.0957
1955 1 1 0 0 0  218.371  0.   1.0406
1956 1 1 0 0 0  230.025  0.   0.9779
1957 1 1 0 0 0  204.537  0.   0.9138
1958 1 1 0 0 0  219.024  0.   0.8574
1959 1 1 0 0 0  235.008  0.   0.8187
1960 1 1 0 0 0  251.925  0.   0.8060
1961 1 1 0 0 0  230.350  0.   0.8226
1962 1 1 0 0 0  246.148  0.   0.8643
1963 1 1 0 0 0  260.417  0.   0.9223
1964 1 1 0 0 0  273.166  0.   0.9866
1965 1 1 0 0 0  246.235  0.   1.0488
1966 1 1 0 0 0  256.831  0.   1.1024
1967 1 1 0 0 0  266.817  0.   1.1439
1968 1 1 0 0 0  276.431  0.   1.1710
1969 1 1 0 0 0  247.415  0.   1.1827
1970 1 1 0 0 0  256.805  0.   1.1786
1971 1 1 0 0 0  266.308  0.   1.1587
1972 1 1 0 0 0  276.091  0.   1.1239
1973 1 1 0 0 0  247.925  0.   1.0755
1974 1 1 0 0 0  258.957  0.   1.0169
1975 1 1 0 0 0  271.072  0.   0.9528
1976 1 1 0 0 0  284.591  0.   0.8906
1977 1 1 0 0 0  261.262  0.   0.8397
1978 1 1 0 0 0  277.706  0.   0.8103
1979 1 1 0 0 0  294.725  0.   0.8090
1980 1 1 0 0 0  311.259  0.   0.8361
1981 1 1 0 0 0  288.067  0.   0.8855
1982 1 1 0 0 0  301.724  0.   0.9470
1983 1 1 0 0 0  313.952  0.   1.0113
1984 1 1 0 0 0  325.067  0.   1.0707
1985 1 1 0 0 0  296.960  0.   1.1201
1986 1 1 0 0 0  306.776  0.   1.1562
1987 1 1 0 0 0  316.297  0.   1.1774
1988 1 1 0 0 0  325.688  0.   1.1830
1989 1 1 0 0 0  296.663  0.   1.1727
1990 1 1 0 0 0  306.253  0.   1.1469
1991 1 1 0 0 0  316.198  0.   1.1066
1992 1 1 0 0 0  326.728  0.   1.0539
1993 1 1 0 0 0  299.706  0.   0.9923
1994 1 1 0 0 0  312.331  0.   0.9279
1995 1 1 0 0 0  326.458  0.   0.8690
1996 1 1 0 0 0  342.131  0.   0.8254
1997 1 1 0 0 0  320.494  0.   0.8063
1998 1 1 0 0 0  337.449  0.   0.8164
1999 1 1 0 0 0  353.548  0.   0.8531
2000 1 1 0 0 0    8.176  0.   0.9083
2001 1 1 0 0 0  342.818  0.   0.9721
2002 1 1 0 0 0  354.573  0.   1.0352
2003 1 1 0 0 0    5.347  0.   1.0912
2004 1 1 0 0 0   15.449  0.   1.1357
2005 1 1 0 0 0  346.688  0.   1.1663
2006 1 1 0 0 0  356.141  0.   1.1815
2007 1 1 0 0 0    5.527  0.   1.1809
2008 1 1 0 0 0   14.990  0.   1.1646
2009 1 1 0 0 0  346.254  0.   1.1329
2010 1 1 0 0 0  356.395  0.   1.0875
2011 1 1 0 0 0    7.228  0.   1.0309
2012 1 1 0 0 0   19.067  0.   0.9674
2013 1 1 0 0 0  353.816  0.   0.9039
2014 1 1 0 0 0    8.559  0.   0.8497
2015 1 1 0 0 0   24.747  0.   0.8147
2016 1 1 0 0 0   41.726  0.   0.8067
2017 1 1 0 0 0   20.039  0.   0.8278
2018 1 1 0 0 0   35.609  0.   0.8729
2019 1 1 0 0 0   49.621  0.   0.9325
2020 1 1 0 0 0   62.145  0.   0.9969
2021 1 1 0 0 0   35.045  0.   1.0581
2022 1 1 0 0 0   45.527  0.   1.1100
2023 1 1 0 0 0   55.438  0.   1.1493
2024 1 1 0 0 0   65.010  0.   1.1740
2025 1 1 0 0 0   35.976  0.   1.1831
2026 1 1 0 0 0   45.374  0.   1.1764
2027 1 1 0 0 0   54.910  0.   1.1541
2028 1 1 0 0 0   64.756  0.   1.1170
2029 1 1 0 0 0   36.695  0.   1.0667
2030 1 1 0 0 0   47.879  0.   1.0067
2031 1 1 0 0 0   60.200  0.   0.9424
2032 1 1 0 0 0   73.970  0.   0.8814
2033 1 1 0 0 0   50.891  0.   0.8333
2034 1 1 0 0 0   67.493  0.   0.8081
2035 1 1 0 0 0   84.506  0.   0.8116
2036 1 1 0 0 0  100.872  0.   0.8428
2037 1 1 0 0 0   77.427  0.   0.8948
2038 1 1 0 0 0   90.836  0.   0.9575
2039 1 1 0 0 0  102.861  0.   1.0214
2040 1 1 0 0 0  113.828  0.   1.0794
2041 1 1 0 0 0   85.621  0.   1.1269
2042 1 1 0 0 0   95.377  0.   1.1607
2043 1 1 0 0 0  104.867  0.   1.1794
2044 1 1 0 0 0  114.255  0.   1.1824
2045 1 1 0 0 0   85.244  0.   1.1696
2046 1 1 0 0 0   94.878  0.   1.1414
2047 1 1 0 0 0  104.900  0.   1.0989
2048 1 1 0 0 0  115.551  0.   1.0445
2049 1 1 0 0 0   88.696  0.   0.9819
2050 1 1 0 0 0  101.548  0.   0.9178
2051 1 1 0 0 0  115.931  0.   0.8606
2052 1 1 0 0 0  131.828  0.   0.8205
2053 1 1 0 0 0  110.295  0.   0.8059
2054 1 1 0 0 0  127.175  0.   0.8207
2055 1 1 0 0 0  143.063  0.   0.8610
2056 1 1 0 0 0  157.434  0.   0.9183
2057 1 1 0 0 0  131.845  0.   0.9825
2058 1 1 0 0 0  143.419  0.   1.0449
2059 1 1 0 0 0  154.065  0.   1.0993
2060 1 1 0 0 0  164.083  0.   1.1416
2061 1 1 0 0 0  135.271  0.   1.1698
2062 1 1 0 0 0  144.703  0.   1.1824
2063 1 1 0 0 0  154.091  0.   1.1793
2064 1 1 0 0 0  163.582  0.   1.1605
2065 1 1 0 0 0  134.904  0.   1.1265
2066 1 1 0 0 0  145.138  0.   1.0790
2067 1 1 0 0 0  156.111  0.   1.0209
2068 1 1 0 0 0  168.144  0.   0.9570
2069 1 1 0 0 0  143.140  0.   0.8943
2070 1 1 0 0 0  158.137  0.   0.8425
2071 1 1 0 0 0  174.511  0.   0.8114
2072 1 1 0 0 0  191.525  0.   0.8082
2073 1 1 0 0 0  169.695  0.   0.8337
2074 1 1 0 0 0  185.024  0.   0.8818
2075 1 1 0 0 0  198.783  0.   0.9428
2076 1 1 0 0 0  211.089  0.   1.0072
2077 1 1 0 0 0  183.832  0.   1.0672
2078 1 1 0 0 0  194.201  0.   1.1173
2079 1 1 0 0 0  204.044  0.   1.1543
2080 1 1 0 0 0  213.579  0.   1.1765
2081 1 1 0 0 0  184.539  0.   1.1831
2082 1 1 0 0 0  193.948  0.   1.1738
2083 1 1 0 0 0  203.522  0.   1.1491
2084 1 1 0 0 0  213.437  0.   1.1097
2085 1 1 0 0 0  185.487  0.   1.0575
2086 1 1 0 0 0  196.825  0.   0.9965
2087 1 1 0 0 0  209.367  0.   0.9321
2088 1 1 0 0 0  223.385  0.   0.8725
2089 1 1 0 0 0  200.545  0.   0.8275
2090 1 1 0 0 0  217.282  0.   0.8067
2091 1 1 0 0 0  234.260  0.   0.8148
2092 1 1 0 0 0  250.439  0.   0.8500
2093 1 1 0 0 0  226.745  0.   0.9045
2094 1 1 0 0 0  239.912  0.   0.9679
2095 1 1 0 0 0  251.744  0.   1.0313
2096 1 1 0 0 0  262.571  0.   1.0879
2097 1 1 0 0 0  234.271  0.   1.1333
2098 1 1 0 0 0  243.972  0.   1.1647
2099 1 1 0 0 0  253.434  0.   1.1809
2100 1 1 0 0 0  262.819  0.   1.1814
2101 1 1 0 0 0  233.830  0.   1.1660
2102 1 1 0 0 0  243.513  0.   1.1354
2103 1 1 0 0 0  253.619  0.   1.0909
2104 1 1 0 0 0  264.397  0.   1.0348
2105 1 1 0 0 0  237.730  0.   0.9715
2106 1 1 0 0 0  250.816  0.   0.9079
2107 1 1 0 0 0  265.456  0.   0.8527
2108 1 1 0 0 0  281.564  0.   0.8162
2109 1 1 0 0 0  260.098  0.   0.8063
2110 1 1 0 0 0  276.876  0.   0.8256
2111 1 1 0 0 0  292.540  0.   0.8694
2112 1 1 0 0 0  306.655  0.   0.9284
2113 1 1 0 0 0  280.833  0.   0.9929
2114 1 1 0 0 0  292.235  0.   1.0544
2115 1 1 0 0 0  302.760  0.   1.1070
2116 1 1 0 0 0  312.701  0.   1.1472
2117 1 1 0 0 0  283.851  0.   1.1729
2118 1 1 0 0 0  293.266  0.   1.1830
2119 1 1 0 0 0  302.661  0.   1.1773
2120 1 1 0 0 0  312.183  0.   1.1560
2121 1 1 0 0 0  283.566  0.   1.1197
2122 1 1 0 0 0  293.900  0.   1.0703
2123 1 1 0 0 0  305.021  0.   1.0108
2124 1 1 0 0 0  317.258  0.   0.9466
2125 1 1 0 0 0  292.496  0.   0.8849
2126 1 1 0 0 0  307.742  0.   0.8358
2127 1 1 0 0 0  324.283  0.   0.8089
2128 1 1 0 0 0  341.302  0.   0.8104
2129 1 1 0 0 0  319.318  0.   0.8401
2130 1 1 0 0 0  334.401  0.   0.8910
2131 1 1 0 0 0  347.910  0.   0.9532
2132 1 1 0 0 0    0.015  0.   1.0173
2133 1 1 0 0 0  332.608  0.   1.0761
2134 1 1 0 0 0  342.875  0.   1.1242
2135 1 1 0 0 0  352.654  0.   1.1589
2136 1 1 0 0 0    2.156  0.   1.1786
2137 1 1 0 0 0  333.102  0.   1.1827
2138 1 1 0 0 0  342.528  0.   1.1709
2139 1 1 0 0 0  352.144  0.   1.1437
2140 1 1 0 0 0    2.127  0.   1.1021
2141 1 1 0 0 0  334.295  0.   1.0482
2142 1 1 0 0 0  345.809  0.   0.9861
2143 1 1 0 0 0  358.568  0.   0.9219
2144 1 1 0 0 0   12.848  0.   0.8640
2145 1 1 0 0 0  350.231  0.   0.8223
2146 1 1 0 0 0    7.084  0.   0.8060
2147 1 1 0 0 0   23.993  0.   0.8188
2148 1 1 0 0 0   39.973  0.   0.8577
2149 1 1 0 0 0   16.016  0.   0.9144
2150 1 1 0 0 0   28.953  0.   0.9783
2151 1 1 0 0 0   40.593  0.   1.0410
2152 1 1 0 0 0   51.284  0.   1.0960
2153 1 1 0 0 0   22.904  0.   1.1394
2154 1 1 0 0 0   32.548  0.   1.1684
2155 1 1 0 0 0   41.994  0.   1.1821
2156 1 1 0 0 0   51.375  0.   1.1800
2157 1 1 0 0 0   22.410  0.   1.1621
2158 1 1 0 0 0   32.153  0.   1.1291
2159 1 1 0 0 0   42.342  0.   1.0825
2160 1 1 0 0 0   53.264  0.   1.0250
2161 1 1 0 0 0   26.783  0.   0.9610
2162 1 1 0 0 0   40.114  0.   0.8981
2163 1 1 0 0 0   55.004  0.   0.8453
2164 1 1 0 0 0   71.310  0.   0.8127
2165 1 1 0 0 0   49.890  0.   0.8075
2166 1 1 0 0 0   66.547  0.   0.8312
2167 1 1 0 0 0   81.969  0.   0.8781
2168 1 1 0 0 0   95.835  0.   0.9387
2169 1 1 0 0 0   69.784  0.   1.0032
2170 1 1 0 0 0   81.028  0.   1.0636
2171 1 1 0 0 0   91.434  0.   1.1144
2172 1 1 0 0 0  101.311  0.   1.1523
2173 1 1 0 0 0   72.415  0.   1.1756
2174 1 1 0 0 0   81.824  0.   1.1832
2175 1 1 0 0 0   91.223  0.   1.1749
2176 1 1 0 0 0  100.786  0.   1.1511
2177 1 1 0 0 0   72.231  0.   1.1125
2178 1 1 0 0 0   82.677  0.   1.0613
2179 1 1 0 0 0   93.949  0.   1.0006
2180 1 1 0 0 0  106.404  0.   0.9362
2181 1 1 0 0 0   81.895  0.   0.8759
2182 1 1 0 0 0   97.388  0.   0.8298
2183 1 1 0 0 0  114.069  0.   0.8072
2184 1 1 0 0 0  131.069  0.   0.8134
2185 1 1 0 0 0  108.901  0.   0.8472
2186 1 1 0 0 0  123.737  0.   0.9006
2187 1 1 0 0 0  136.995  0.   0.9637
2188 1 1 0 0 0  148.910  0.   1.0273
2189 1 1 0 0 0  121.351  0.   1.0846
2190 1 1 0 0 0  131.517  0.   1.1308
2191 1 1 0 0 0  141.246  0.   1.1631
2192 1 1 0 0 0  150.713  0.   1.1804
2193 1 1 0 0 0  121.666  0.   1.1818
2194 1 1 0 0 0  131.094  0.   1.1675
2195 1 1 0 0 0  140.762  0.   1.1379
2196 1 1 0 0 0  150.840  0.   1.0941
2197 1 1 0 0 0  123.126  0.   1.0386
2198 1 1 0 0 0  134.812  0.   0.9757
2199 1 1 0 0 0  147.809  0.   0.9119
