S1   degrees/h:
   15.00000    
Year M D h m s  V0+u(deg)     f
1950 1 1 0 0 0  180.000  0.   1.0000
1951 1 1 0 0 0  180.000  0.   1.0000
1952 1 1 0 0 0  180.000  0.   1.0000
1953 1 1 0 0 0  180.000  0.   1.0000
1954 1 1 0 0 0  180.000  0.   1.0000
1955 1 1 0 0 0  180.000  0.   1.0000
1956 1 1 0 0 0  180.000  0.   1.0000
1957 1 1 0 0 0  180.000  0.   1.0000
1958 1 1 0 0 0  180.000  0.   1.0000
1959 1 1 0 0 0  180.000  0.   1.0000
1960 1 1 0 0 0  180.000  0.   1.0000
1961 1 1 0 0 0  180.000  0.   1.0000
1962 1 1 0 0 0  180.000  0.   1.0000
1963 1 1 0 0 0  180.000  0.   1.0000
1964 1 1 0 0 0  180.000  0.   1.0000
1965 1 1 0 0 0  180.000  0.   1.0000
1966 1 1 0 0 0  180.000  0.   1.0000
1967 1 1 0 0 0  180.000  0.   1.0000
1968 1 1 0 0 0  180.000  0.   1.0000
1969 1 1 0 0 0  180.000  0.   1.0000
1970 1 1 0 0 0  180.000  0.   1.0000
1971 1 1 0 0 0  180.000  0.   1.0000
1972 1 1 0 0 0  180.000  0.   1.0000
1973 1 1 0 0 0  180.000  0.   1.0000
1974 1 1 0 0 0  180.000  0.   1.0000
1975 1 1 0 0 0  180.000  0.   1.0000
1976 1 1 0 0 0  180.000  0.   1.0000
1977 1 1 0 0 0  180.000  0.   1.0000
1978 1 1 0 0 0  180.000  0.   1.0000
1979 1 1 0 0 0  180.000  0.   1.0000
1980 1 1 0 0 0  180.000  0.   1.0000
1981 1 1 0 0 0  180.000  0.   1.0000
1982 1 1 0 0 0  180.000  0.   1.0000
1983 1 1 0 0 0  180.000  0.   1.0000
1984 1 1 0 0 0  180.000  0.   1.0000
1985 1 1 0 0 0  180.000  0.   1.0000
1986 1 1 0 0 0  180.000  0.   1.0000
1987 1 1 0 0 0  180.000  0.   1.0000
1988 1 1 0 0 0  180.000  0.   1.0000
1989 1 1 0 0 0  180.000  0.   1.0000
1990 1 1 0 0 0  180.000  0.   1.0000
1991 1 1 0 0 0  180.000  0.   1.0000
1992 1 1 0 0 0  180.000  0.   1.0000
1993 1 1 0 0 0  180.000  0.   1.0000
1994 1 1 0 0 0  180.000  0.   1.0000
1995 1 1 0 0 0  180.000  0.   1.0000
1996 1 1 0 0 0  180.000  0.   1.0000
1997 1 1 0 0 0  180.000  0.   1.0000
1998 1 1 0 0 0  180.000  0.   1.0000
1999 1 1 0 0 0  180.000  0.   1.0000
2000 1 1 0 0 0  180.000  0.   1.0000
2001 1 1 0 0 0  180.000  0.   1.0000
2002 1 1 0 0 0  180.000  0.   1.0000
2003 1 1 0 0 0  180.000  0.   1.0000
2004 1 1 0 0 0  180.000  0.   1.0000
2005 1 1 0 0 0  180.000  0.   1.0000
2006 1 1 0 0 0  180.000  0.   1.0000
2007 1 1 0 0 0  180.000  0.   1.0000
2008 1 1 0 0 0  180.000  0.   1.0000
2009 1 1 0 0 0  180.000  0.   1.0000
2010 1 1 0 0 0  180.000  0.   1.0000
2011 1 1 0 0 0  180.000  0.   1.0000
2012 1 1 0 0 0  180.000  0.   1.0000
2013 1 1 0 0 0  180.000  0.   1.0000
2014 1 1 0 0 0  180.000  0.   1.0000
2015 1 1 0 0 0  180.000  0.   1.0000
2016 1 1 0 0 0  180.000  0.   1.0000
2017 1 1 0 0 0  180.000  0.   1.0000
2018 1 1 0 0 0  180.000  0.   1.0000
2019 1 1 0 0 0  180.000  0.   1.0000
2020 1 1 0 0 0  180.000  0.   1.0000
2021 1 1 0 0 0  180.000  0.   1.0000
2022 1 1 0 0 0  180.000  0.   1.0000
2023 1 1 0 0 0  180.000  0.   1.0000
2024 1 1 0 0 0  180.000  0.   1.0000
2025 1 1 0 0 0  180.000  0.   1.0000
2026 1 1 0 0 0  180.000  0.   1.0000
2027 1 1 0 0 0  180.000  0.   1.0000
2028 1 1 0 0 0  180.000  0.   1.0000
2029 1 1 0 0 0  180.000  0.   1.0000
2030 1 1 0 0 0  180.000  0.   1.0000
2031 1 1 0 0 0  180.000  0.   1.0000
2032 1 1 0 0 0  180.000  0.   1.0000
2033 1 1 0 0 0  180.000  0.   1.0000
2034 1 1 0 0 0  180.000  0.   1.0000
2035 1 1 0 0 0  180.000  0.   1.0000
2036 1 1 0 0 0  180.000  0.   1.0000
2037 1 1 0 0 0  180.000  0.   1.0000
2038 1 1 0 0 0  180.000  0.   1.0000
2039 1 1 0 0 0  180.000  0.   1.0000
2040 1 1 0 0 0  180.000  0.   1.0000
2041 1 1 0 0 0  180.000  0.   1.0000
2042 1 1 0 0 0  180.000  0.   1.0000
2043 1 1 0 0 0  180.000  0.   1.0000
2044 1 1 0 0 0  180.000  0.   1.0000
2045 1 1 0 0 0  180.000  0.   1.0000
2046 1 1 0 0 0  180.000  0.   1.0000
2047 1 1 0 0 0  180.000  0.   1.0000
2048 1 1 0 0 0  180.000  0.   1.0000
2049 1 1 0 0 0  180.000  0.   1.0000
2050 1 1 0 0 0  180.000  0.   1.0000
2051 1 1 0 0 0  180.000  0.   1.0000
2052 1 1 0 0 0  180.000  0.   1.0000
2053 1 1 0 0 0  180.000  0.   1.0000
2054 1 1 0 0 0  180.000  0.   1.0000
2055 1 1 0 0 0  180.000  0.   1.0000
2056 1 1 0 0 0  180.000  0.   1.0000
2057 1 1 0 0 0  180.000  0.   1.0000
2058 1 1 0 0 0  180.000  0.   1.0000
2059 1 1 0 0 0  180.000  0.   1.0000
2060 1 1 0 0 0  180.000  0.   1.0000
2061 1 1 0 0 0  180.000  0.   1.0000
2062 1 1 0 0 0  180.000  0.   1.0000
2063 1 1 0 0 0  180.000  0.   1.0000
2064 1 1 0 0 0  180.000  0.   1.0000
2065 1 1 0 0 0  180.000  0.   1.0000
2066 1 1 0 0 0  180.000  0.   1.0000
2067 1 1 0 0 0  180.000  0.   1.0000
2068 1 1 0 0 0  180.000  0.   1.0000
2069 1 1 0 0 0  180.000  0.   1.0000
2070 1 1 0 0 0  180.000  0.   1.0000
2071 1 1 0 0 0  180.000  0.   1.0000
2072 1 1 0 0 0  180.000  0.   1.0000
2073 1 1 0 0 0  180.000  0.   1.0000
2074 1 1 0 0 0  180.000  0.   1.0000
2075 1 1 0 0 0  180.000  0.   1.0000
2076 1 1 0 0 0  180.000  0.   1.0000
2077 1 1 0 0 0  180.000  0.   1.0000
2078 1 1 0 0 0  180.000  0.   1.0000
2079 1 1 0 0 0  180.000  0.   1.0000
2080 1 1 0 0 0  180.000  0.   1.0000
2081 1 1 0 0 0  180.000  0.   1.0000
2082 1 1 0 0 0  180.000  0.   1.0000
2083 1 1 0 0 0  180.000  0.   1.0000
2084 1 1 0 0 0  180.000  0.   1.0000
2085 1 1 0 0 0  180.000  0.   1.0000
2086 1 1 0 0 0  180.000  0.   1.0000
2087 1 1 0 0 0  180.000  0.   1.0000
2088 1 1 0 0 0  180.000  0.   1.0000
2089 1 1 0 0 0  180.000  0.   1.0000
2090 1 1 0 0 0  180.000  0.   1.0000
2091 1 1 0 0 0  180.000  0.   1.0000
2092 1 1 0 0 0  180.000  0.   1.0000
2093 1 1 0 0 0  180.000  0.   1.0000
2094 1 1 0 0 0  180.000  0.   1.0000
2095 1 1 0 0 0  180.000  0.   1.0000
2096 1 1 0 0 0  180.000  0.   1.0000
2097 1 1 0 0 0  180.000  0.   1.0000
2098 1 1 0 0 0  180.000  0.   1.0000
2099 1 1 0 0 0  180.000  0.   1.0000
2100 1 1 0 0 0  180.000  0.   1.0000
2101 1 1 0 0 0  180.000  0.   1.0000
2102 1 1 0 0 0  180.000  0.   1.0000
2103 1 1 0 0 0  180.000  0.   1.0000
2104 1 1 0 0 0  180.000  0.   1.0000
2105 1 1 0 0 0  180.000  0.   1.0000
2106 1 1 0 0 0  180.000  0.   1.0000
2107 1 1 0 0 0  180.000  0.   1.0000
2108 1 1 0 0 0  180.000  0.   1.0000
2109 1 1 0 0 0  180.000  0.   1.0000
2110 1 1 0 0 0  180.000  0.   1.0000
2111 1 1 0 0 0  180.000  0.   1.0000
2112 1 1 0 0 0  180.000  0.   1.0000
2113 1 1 0 0 0  180.000  0.   1.0000
2114 1 1 0 0 0  180.000  0.   1.0000
2115 1 1 0 0 0  180.000  0.   1.0000
2116 1 1 0 0 0  180.000  0.   1.0000
2117 1 1 0 0 0  180.000  0.   1.0000
2118 1 1 0 0 0  180.000  0.   1.0000
2119 1 1 0 0 0  180.000  0.   1.0000
2120 1 1 0 0 0  180.000  0.   1.0000
2121 1 1 0 0 0  180.000  0.   1.0000
2122 1 1 0 0 0  180.000  0.   1.0000
2123 1 1 0 0 0  180.000  0.   1.0000
2124 1 1 0 0 0  180.000  0.   1.0000
2125 1 1 0 0 0  180.000  0.   1.0000
2126 1 1 0 0 0  180.000  0.   1.0000
2127 1 1 0 0 0  180.000  0.   1.0000
2128 1 1 0 0 0  180.000  0.   1.0000
2129 1 1 0 0 0  180.000  0.   1.0000
2130 1 1 0 0 0  180.000  0.   1.0000
2131 1 1 0 0 0  180.000  0.   1.0000
2132 1 1 0 0 0  180.000  0.   1.0000
2133 1 1 0 0 0  180.000  0.   1.0000
2134 1 1 0 0 0  180.000  0.   1.0000
2135 1 1 0 0 0  180.000  0.   1.0000
2136 1 1 0 0 0  180.000  0.   1.0000
2137 1 1 0 0 0  180.000  0.   1.0000
2138 1 1 0 0 0  180.000  0.   1.0000
2139 1 1 0 0 0  180.000  0.   1.0000
2140 1 1 0 0 0  180.000  0.   1.0000
2141 1 1 0 0 0  180.000  0.   1.0000
2142 1 1 0 0 0  180.000  0.   1.0000
2143 1 1 0 0 0  180.000  0.   1.0000
2144 1 1 0 0 0  180.000  0.   1.0000
2145 1 1 0 0 0  180.000  0.   1.0000
2146 1 1 0 0 0  180.000  0.   1.0000
2147 1 1 0 0 0  180.000  0.   1.0000
2148 1 1 0 0 0  180.000  0.   1.0000
2149 1 1 0 0 0  180.000  0.   1.0000
2150 1 1 0 0 0  180.000  0.   1.0000
2151 1 1 0 0 0  180.000  0.   1.0000
2152 1 1 0 0 0  180.000  0.   1.0000
2153 1 1 0 0 0  180.000  0.   1.0000
2154 1 1 0 0 0  180.000  0.   1.0000
2155 1 1 0 0 0  180.000  0.   1.0000
2156 1 1 0 0 0  180.000  0.   1.0000
2157 1 1 0 0 0  180.000  0.   1.0000
2158 1 1 0 0 0  180.000  0.   1.0000
2159 1 1 0 0 0  180.000  0.   1.0000
2160 1 1 0 0 0  180.000  0.   1.0000
2161 1 1 0 0 0  180.000  0.   1.0000
2162 1 1 0 0 0  180.000  0.   1.0000
2163 1 1 0 0 0  180.000  0.   1.0000
2164 1 1 0 0 0  180.000  0.   1.0000
2165 1 1 0 0 0  180.000  0.   1.0000
2166 1 1 0 0 0  180.000  0.   1.0000
2167 1 1 0 0 0  180.000  0.   1.0000
2168 1 1 0 0 0  180.000  0.   1.0000
2169 1 1 0 0 0  180.000  0.   1.0000
2170 1 1 0 0 0  180.000  0.   1.0000
2171 1 1 0 0 0  180.000  0.   1.0000
2172 1 1 0 0 0  180.000  0.   1.0000
2173 1 1 0 0 0  180.000  0.   1.0000
2174 1 1 0 0 0  180.000  0.   1.0000
2175 1 1 0 0 0  180.000  0.   1.0000
2176 1 1 0 0 0  180.000  0.   1.0000
2177 1 1 0 0 0  180.000  0.   1.0000
2178 1 1 0 0 0  180.000  0.   1.0000
2179 1 1 0 0 0  180.000  0.   1.0000
2180 1 1 0 0 0  180.000  0.   1.0000
2181 1 1 0 0 0  180.000  0.   1.0000
2182 1 1 0 0 0  180.000  0.   1.0000
2183 1 1 0 0 0  180.000  0.   1.0000
2184 1 1 0 0 0  180.000  0.   1.0000
2185 1 1 0 0 0  180.000  0.   1.0000
2186 1 1 0 0 0  180.000  0.   1.0000
2187 1 1 0 0 0  180.000  0.   1.0000
2188 1 1 0 0 0  180.000  0.   1.0000
2189 1 1 0 0 0  180.000  0.   1.0000
2190 1 1 0 0 0  180.000  0.   1.0000
2191 1 1 0 0 0  180.000  0.   1.0000
2192 1 1 0 0 0  180.000  0.   1.0000
2193 1 1 0 0 0  180.000  0.   1.0000
2194 1 1 0 0 0  180.000  0.   1.0000
2195 1 1 0 0 0  180.000  0.   1.0000
2196 1 1 0 0 0  180.000  0.   1.0000
2197 1 1 0 0 0  180.000  0.   1.0000
2198 1 1 0 0 0  180.000  0.   1.0000
2199 1 1 0 0 0  180.000  0.   1.0000
