SSA  degrees/h:
  8.2137302E-02
Year M D h m s  V0+u(deg)     f
1950 1 1 0 0 0  200.162  0.   1.0000
1951 1 1 0 0 0  199.685  0.   1.0000
1952 1 1 0 0 0  199.207  0.   1.0000
1953 1 1 0 0 0  200.701  0.   1.0000
1954 1 1 0 0 0  200.224  0.   1.0000
1955 1 1 0 0 0  199.746  0.   1.0000
1956 1 1 0 0 0  199.269  0.   1.0000
1957 1 1 0 0 0  200.763  0.   1.0000
1958 1 1 0 0 0  200.285  0.   1.0000
1959 1 1 0 0 0  199.808  0.   1.0000
1960 1 1 0 0 0  199.330  0.   1.0000
1961 1 1 0 0 0  200.824  0.   1.0000
1962 1 1 0 0 0  200.346  0.   1.0000
1963 1 1 0 0 0  199.869  0.   1.0000
1964 1 1 0 0 0  199.392  0.   1.0000
1965 1 1 0 0 0  200.885  0.   1.0000
1966 1 1 0 0 0  200.408  0.   1.0000
1967 1 1 0 0 0  199.931  0.   1.0000
1968 1 1 0 0 0  199.453  0.   1.0000
1969 1 1 0 0 0  200.947  0.   1.0000
1970 1 1 0 0 0  200.470  0.   1.0000
1971 1 1 0 0 0  199.992  0.   1.0000
1972 1 1 0 0 0  199.515  0.   1.0000
1973 1 1 0 0 0  201.008  0.   1.0000
1974 1 1 0 0 0  200.531  0.   1.0000
1975 1 1 0 0 0  200.054  0.   1.0000
1976 1 1 0 0 0  199.576  0.   1.0000
1977 1 1 0 0 0  201.070  0.   1.0000
1978 1 1 0 0 0  200.593  0.   1.0000
1979 1 1 0 0 0  200.115  0.   1.0000
1980 1 1 0 0 0  199.638  0.   1.0000
1981 1 1 0 0 0  201.131  0.   1.0000
1982 1 1 0 0 0  200.654  0.   1.0000
1983 1 1 0 0 0  200.177  0.   1.0000
1984 1 1 0 0 0  199.699  0.   1.0000
1985 1 1 0 0 0  201.193  0.   1.0000
1986 1 1 0 0 0  200.716  0.   1.0000
1987 1 1 0 0 0  200.238  0.   1.0000
1988 1 1 0 0 0  199.761  0.   1.0000
1989 1 1 0 0 0  201.254  0.   1.0000
1990 1 1 0 0 0  200.777  0.   1.0000
1991 1 1 0 0 0  200.300  0.   1.0000
1992 1 1 0 0 0  199.822  0.   1.0000
1993 1 1 0 0 0  201.316  0.   1.0000
1994 1 1 0 0 0  200.839  0.   1.0000
1995 1 1 0 0 0  200.361  0.   1.0000
1996 1 1 0 0 0  199.884  0.   1.0000
1997 1 1 0 0 0  201.378  0.   1.0000
1998 1 1 0 0 0  200.900  0.   1.0000
1999 1 1 0 0 0  200.423  0.   1.0000
2000 1 1 0 0 0  199.945  0.   1.0000
2001 1 1 0 0 0  201.439  0.   1.0000
2002 1 1 0 0 0  200.961  0.   1.0000
2003 1 1 0 0 0  200.484  0.   1.0000
2004 1 1 0 0 0  200.007  0.   1.0000
2005 1 1 0 0 0  201.500  0.   1.0000
2006 1 1 0 0 0  201.023  0.   1.0000
2007 1 1 0 0 0  200.546  0.   1.0000
2008 1 1 0 0 0  200.068  0.   1.0000
2009 1 1 0 0 0  201.562  0.   1.0000
2010 1 1 0 0 0  201.084  0.   1.0000
2011 1 1 0 0 0  200.607  0.   1.0000
2012 1 1 0 0 0  200.130  0.   1.0000
2013 1 1 0 0 0  201.623  0.   1.0000
2014 1 1 0 0 0  201.146  0.   1.0000
2015 1 1 0 0 0  200.669  0.   1.0000
2016 1 1 0 0 0  200.191  0.   1.0000
2017 1 1 0 0 0  201.685  0.   1.0000
2018 1 1 0 0 0  201.207  0.   1.0000
2019 1 1 0 0 0  200.730  0.   1.0000
2020 1 1 0 0 0  200.253  0.   1.0000
2021 1 1 0 0 0  201.746  0.   1.0000
2022 1 1 0 0 0  201.269  0.   1.0000
2023 1 1 0 0 0  200.792  0.   1.0000
2024 1 1 0 0 0  200.314  0.   1.0000
2025 1 1 0 0 0  201.808  0.   1.0000
2026 1 1 0 0 0  201.330  0.   1.0000
2027 1 1 0 0 0  200.853  0.   1.0000
2028 1 1 0 0 0  200.376  0.   1.0000
2029 1 1 0 0 0  201.869  0.   1.0000
2030 1 1 0 0 0  201.392  0.   1.0000
2031 1 1 0 0 0  200.914  0.   1.0000
2032 1 1 0 0 0  200.437  0.   1.0000
2033 1 1 0 0 0  201.931  0.   1.0000
2034 1 1 0 0 0  201.453  0.   1.0000
2035 1 1 0 0 0  200.976  0.   1.0000
2036 1 1 0 0 0  200.499  0.   1.0000
2037 1 1 0 0 0  201.992  0.   1.0000
2038 1 1 0 0 0  201.515  0.   1.0000
2039 1 1 0 0 0  201.037  0.   1.0000
2040 1 1 0 0 0  200.560  0.   1.0000
2041 1 1 0 0 0  202.054  0.   1.0000
2042 1 1 0 0 0  201.576  0.   1.0000
2043 1 1 0 0 0  201.099  0.   1.0000
2044 1 1 0 0 0  200.622  0.   1.0000
2045 1 1 0 0 0  202.115  0.   1.0000
2046 1 1 0 0 0  201.638  0.   1.0000
2047 1 1 0 0 0  201.160  0.   1.0000
2048 1 1 0 0 0  200.683  0.   1.0000
2049 1 1 0 0 0  202.177  0.   1.0000
2050 1 1 0 0 0  201.699  0.   1.0000
2051 1 1 0 0 0  201.222  0.   1.0000
2052 1 1 0 0 0  200.745  0.   1.0000
2053 1 1 0 0 0  202.238  0.   1.0000
2054 1 1 0 0 0  201.761  0.   1.0000
2055 1 1 0 0 0  201.283  0.   1.0000
2056 1 1 0 0 0  200.806  0.   1.0000
2057 1 1 0 0 0  202.300  0.   1.0000
2058 1 1 0 0 0  201.822  0.   1.0000
2059 1 1 0 0 0  201.345  0.   1.0000
2060 1 1 0 0 0  200.868  0.   1.0000
2061 1 1 0 0 0  202.361  0.   1.0000
2062 1 1 0 0 0  201.884  0.   1.0000
2063 1 1 0 0 0  201.406  0.   1.0000
2064 1 1 0 0 0  200.929  0.   1.0000
2065 1 1 0 0 0  202.423  0.   1.0000
2066 1 1 0 0 0  201.945  0.   1.0000
2067 1 1 0 0 0  201.468  0.   1.0000
2068 1 1 0 0 0  200.990  0.   1.0000
2069 1 1 0 0 0  202.484  0.   1.0000
2070 1 1 0 0 0  202.007  0.   1.0000
2071 1 1 0 0 0  201.529  0.   1.0000
2072 1 1 0 0 0  201.052  0.   1.0000
2073 1 1 0 0 0  202.546  0.   1.0000
2074 1 1 0 0 0  202.068  0.   1.0000
2075 1 1 0 0 0  201.591  0.   1.0000
2076 1 1 0 0 0  201.114  0.   1.0000
2077 1 1 0 0 0  202.607  0.   1.0000
2078 1 1 0 0 0  202.130  0.   1.0000
2079 1 1 0 0 0  201.652  0.   1.0000
2080 1 1 0 0 0  201.175  0.   1.0000
2081 1 1 0 0 0  202.669  0.   1.0000
2082 1 1 0 0 0  202.191  0.   1.0000
2083 1 1 0 0 0  201.714  0.   1.0000
2084 1 1 0 0 0  201.237  0.   1.0000
2085 1 1 0 0 0  202.730  0.   1.0000
2086 1 1 0 0 0  202.253  0.   1.0000
2087 1 1 0 0 0  201.775  0.   1.0000
2088 1 1 0 0 0  201.298  0.   1.0000
2089 1 1 0 0 0  202.792  0.   1.0000
2090 1 1 0 0 0  202.314  0.   1.0000
2091 1 1 0 0 0  201.837  0.   1.0000
2092 1 1 0 0 0  201.359  0.   1.0000
2093 1 1 0 0 0  202.853  0.   1.0000
2094 1 1 0 0 0  202.376  0.   1.0000
2095 1 1 0 0 0  201.898  0.   1.0000
2096 1 1 0 0 0  201.421  0.   1.0000
2097 1 1 0 0 0  202.915  0.   1.0000
2098 1 1 0 0 0  202.437  0.   1.0000
2099 1 1 0 0 0  201.960  0.   1.0000
2100 1 1 0 0 0  201.482  0.   1.0000
2101 1 1 0 0 0  202.976  0.   1.0000
2102 1 1 0 0 0  202.499  0.   1.0000
2103 1 1 0 0 0  202.021  0.   1.0000
2104 1 1 0 0 0  201.544  0.   1.0000
2105 1 1 0 0 0  203.038  0.   1.0000
2106 1 1 0 0 0  202.560  0.   1.0000
2107 1 1 0 0 0  202.083  0.   1.0000
2108 1 1 0 0 0  201.605  0.   1.0000
2109 1 1 0 0 0  203.099  0.   1.0000
2110 1 1 0 0 0  202.622  0.   1.0000
2111 1 1 0 0 0  202.144  0.   1.0000
2112 1 1 0 0 0  201.667  0.   1.0000
2113 1 1 0 0 0  203.161  0.   1.0000
2114 1 1 0 0 0  202.683  0.   1.0000
2115 1 1 0 0 0  202.206  0.   1.0000
2116 1 1 0 0 0  201.728  0.   1.0000
2117 1 1 0 0 0  203.222  0.   1.0000
2118 1 1 0 0 0  202.745  0.   1.0000
2119 1 1 0 0 0  202.267  0.   1.0000
2120 1 1 0 0 0  201.790  0.   1.0000
2121 1 1 0 0 0  203.284  0.   1.0000
2122 1 1 0 0 0  202.806  0.   1.0000
2123 1 1 0 0 0  202.329  0.   1.0000
2124 1 1 0 0 0  201.851  0.   1.0000
2125 1 1 0 0 0  203.345  0.   1.0000
2126 1 1 0 0 0  202.868  0.   1.0000
2127 1 1 0 0 0  202.390  0.   1.0000
2128 1 1 0 0 0  201.913  0.   1.0000
2129 1 1 0 0 0  203.407  0.   1.0000
2130 1 1 0 0 0  202.929  0.   1.0000
2131 1 1 0 0 0  202.452  0.   1.0000
2132 1 1 0 0 0  201.974  0.   1.0000
2133 1 1 0 0 0  203.468  0.   1.0000
2134 1 1 0 0 0  202.991  0.   1.0000
2135 1 1 0 0 0  202.513  0.   1.0000
2136 1 1 0 0 0  202.036  0.   1.0000
2137 1 1 0 0 0  203.530  0.   1.0000
2138 1 1 0 0 0  203.052  0.   1.0000
2139 1 1 0 0 0  202.575  0.   1.0000
2140 1 1 0 0 0  202.097  0.   1.0000
2141 1 1 0 0 0  203.591  0.   1.0000
2142 1 1 0 0 0  203.114  0.   1.0000
2143 1 1 0 0 0  202.636  0.   1.0000
2144 1 1 0 0 0  202.159  0.   1.0000
2145 1 1 0 0 0  203.653  0.   1.0000
2146 1 1 0 0 0  203.175  0.   1.0000
2147 1 1 0 0 0  202.698  0.   1.0000
2148 1 1 0 0 0  202.220  0.   1.0000
2149 1 1 0 0 0  203.714  0.   1.0000
2150 1 1 0 0 0  203.237  0.   1.0000
2151 1 1 0 0 0  202.759  0.   1.0000
2152 1 1 0 0 0  202.282  0.   1.0000
2153 1 1 0 0 0  203.776  0.   1.0000
2154 1 1 0 0 0  203.298  0.   1.0000
2155 1 1 0 0 0  202.821  0.   1.0000
2156 1 1 0 0 0  202.343  0.   1.0000
2157 1 1 0 0 0  203.837  0.   1.0000
2158 1 1 0 0 0  203.360  0.   1.0000
2159 1 1 0 0 0  202.882  0.   1.0000
2160 1 1 0 0 0  202.405  0.   1.0000
2161 1 1 0 0 0  203.899  0.   1.0000
2162 1 1 0 0 0  203.421  0.   1.0000
2163 1 1 0 0 0  202.944  0.   1.0000
2164 1 1 0 0 0  202.466  0.   1.0000
2165 1 1 0 0 0  203.960  0.   1.0000
2166 1 1 0 0 0  203.483  0.   1.0000
2167 1 1 0 0 0  203.005  0.   1.0000
2168 1 1 0 0 0  202.528  0.   1.0000
2169 1 1 0 0 0  204.022  0.   1.0000
2170 1 1 0 0 0  203.544  0.   1.0000
2171 1 1 0 0 0  203.067  0.   1.0000
2172 1 1 0 0 0  202.589  0.   1.0000
2173 1 1 0 0 0  204.083  0.   1.0000
2174 1 1 0 0 0  203.606  0.   1.0000
2175 1 1 0 0 0  203.128  0.   1.0000
2176 1 1 0 0 0  202.651  0.   1.0000
2177 1 1 0 0 0  204.145  0.   1.0000
2178 1 1 0 0 0  203.667  0.   1.0000
2179 1 1 0 0 0  203.190  0.   1.0000
2180 1 1 0 0 0  202.712  0.   1.0000
2181 1 1 0 0 0  204.206  0.   1.0000
2182 1 1 0 0 0  203.729  0.   1.0000
2183 1 1 0 0 0  203.251  0.   1.0000
2184 1 1 0 0 0  202.774  0.   1.0000
2185 1 1 0 0 0  204.268  0.   1.0000
2186 1 1 0 0 0  203.790  0.   1.0000
2187 1 1 0 0 0  203.313  0.   1.0000
2188 1 1 0 0 0  202.835  0.   1.0000
2189 1 1 0 0 0  204.329  0.   1.0000
2190 1 1 0 0 0  203.852  0.   1.0000
2191 1 1 0 0 0  203.374  0.   1.0000
2192 1 1 0 0 0  202.897  0.   1.0000
2193 1 1 0 0 0  204.391  0.   1.0000
2194 1 1 0 0 0  203.913  0.   1.0000
2195 1 1 0 0 0  203.436  0.   1.0000
2196 1 1 0 0 0  202.958  0.   1.0000
2197 1 1 0 0 0  204.452  0.   1.0000
2198 1 1 0 0 0  203.975  0.   1.0000
2199 1 1 0 0 0  203.497  0.   1.0000
