T2   degrees/h:
   29.95893    
Year M D h m s  V0+u(deg)     f
1950 1 1 0 0 0    1.999  0.   1.0000
1951 1 1 0 0 0    2.255  0.   1.0000
1952 1 1 0 0 0    2.511  0.   1.0000
1953 1 1 0 0 0    1.781  0.   1.0000
1954 1 1 0 0 0    2.037  0.   1.0000
1955 1 1 0 0 0    2.293  0.   1.0000
1956 1 1 0 0 0    2.549  0.   1.0000
1957 1 1 0 0 0    1.819  0.   1.0000
1958 1 1 0 0 0    2.075  0.   1.0000
1959 1 1 0 0 0    2.331  0.   1.0000
1960 1 1 0 0 0    2.587  0.   1.0000
1961 1 1 0 0 0    1.857  0.   1.0000
1962 1 1 0 0 0    2.113  0.   1.0000
1963 1 1 0 0 0    2.369  0.   1.0000
1964 1 1 0 0 0    2.625  0.   1.0000
1965 1 1 0 0 0    1.895  0.   1.0000
1966 1 1 0 0 0    2.151  0.   1.0000
1967 1 1 0 0 0    2.407  0.   1.0000
1968 1 1 0 0 0    2.663  0.   1.0000
1969 1 1 0 0 0    1.933  0.   1.0000
1970 1 1 0 0 0    2.189  0.   1.0000
1971 1 1 0 0 0    2.445  0.   1.0000
1972 1 1 0 0 0    2.701  0.   1.0000
1973 1 1 0 0 0    1.971  0.   1.0000
1974 1 1 0 0 0    2.227  0.   1.0000
1975 1 1 0 0 0    2.483  0.   1.0000
1976 1 1 0 0 0    2.739  0.   1.0000
1977 1 1 0 0 0    2.009  0.   1.0000
1978 1 1 0 0 0    2.265  0.   1.0000
1979 1 1 0 0 0    2.521  0.   1.0000
1980 1 1 0 0 0    2.777  0.   1.0000
1981 1 1 0 0 0    2.048  0.   1.0000
1982 1 1 0 0 0    2.303  0.   1.0000
1983 1 1 0 0 0    2.559  0.   1.0000
1984 1 1 0 0 0    2.815  0.   1.0000
1985 1 1 0 0 0    2.086  0.   1.0000
1986 1 1 0 0 0    2.341  0.   1.0000
1987 1 1 0 0 0    2.597  0.   1.0000
1988 1 1 0 0 0    2.853  0.   1.0000
1989 1 1 0 0 0    2.124  0.   1.0000
1990 1 1 0 0 0    2.379  0.   1.0000
1991 1 1 0 0 0    2.635  0.   1.0000
1992 1 1 0 0 0    2.891  0.   1.0000
1993 1 1 0 0 0    2.162  0.   1.0000
1994 1 1 0 0 0    2.417  0.   1.0000
1995 1 1 0 0 0    2.673  0.   1.0000
1996 1 1 0 0 0    2.929  0.   1.0000
1997 1 1 0 0 0    2.200  0.   1.0000
1998 1 1 0 0 0    2.455  0.   1.0000
1999 1 1 0 0 0    2.711  0.   1.0000
2000 1 1 0 0 0    2.967  0.   1.0000
2001 1 1 0 0 0    2.238  0.   1.0000
2002 1 1 0 0 0    2.493  0.   1.0000
2003 1 1 0 0 0    2.749  0.   1.0000
2004 1 1 0 0 0    3.005  0.   1.0000
2005 1 1 0 0 0    2.276  0.   1.0000
2006 1 1 0 0 0    2.531  0.   1.0000
2007 1 1 0 0 0    2.787  0.   1.0000
2008 1 1 0 0 0    3.043  0.   1.0000
2009 1 1 0 0 0    2.314  0.   1.0000
2010 1 1 0 0 0    2.570  0.   1.0000
2011 1 1 0 0 0    2.825  0.   1.0000
2012 1 1 0 0 0    3.081  0.   1.0000
2013 1 1 0 0 0    2.352  0.   1.0000
2014 1 1 0 0 0    2.608  0.   1.0000
2015 1 1 0 0 0    2.863  0.   1.0000
2016 1 1 0 0 0    3.119  0.   1.0000
2017 1 1 0 0 0    2.390  0.   1.0000
2018 1 1 0 0 0    2.646  0.   1.0000
2019 1 1 0 0 0    2.901  0.   1.0000
2020 1 1 0 0 0    3.157  0.   1.0000
2021 1 1 0 0 0    2.428  0.   1.0000
2022 1 1 0 0 0    2.684  0.   1.0000
2023 1 1 0 0 0    2.939  0.   1.0000
2024 1 1 0 0 0    3.195  0.   1.0000
2025 1 1 0 0 0    2.466  0.   1.0000
2026 1 1 0 0 0    2.722  0.   1.0000
2027 1 1 0 0 0    2.977  0.   1.0000
2028 1 1 0 0 0    3.233  0.   1.0000
2029 1 1 0 0 0    2.504  0.   1.0000
2030 1 1 0 0 0    2.760  0.   1.0000
2031 1 1 0 0 0    3.015  0.   1.0000
2032 1 1 0 0 0    3.271  0.   1.0000
2033 1 1 0 0 0    2.542  0.   1.0000
2034 1 1 0 0 0    2.798  0.   1.0000
2035 1 1 0 0 0    3.053  0.   1.0000
2036 1 1 0 0 0    3.309  0.   1.0000
2037 1 1 0 0 0    2.580  0.   1.0000
2038 1 1 0 0 0    2.836  0.   1.0000
2039 1 1 0 0 0    3.091  0.   1.0000
2040 1 1 0 0 0    3.347  0.   1.0000
2041 1 1 0 0 0    2.618  0.   1.0000
2042 1 1 0 0 0    2.874  0.   1.0000
2043 1 1 0 0 0    3.130  0.   1.0000
2044 1 1 0 0 0    3.385  0.   1.0000
2045 1 1 0 0 0    2.656  0.   1.0000
2046 1 1 0 0 0    2.912  0.   1.0000
2047 1 1 0 0 0    3.168  0.   1.0000
2048 1 1 0 0 0    3.423  0.   1.0000
2049 1 1 0 0 0    2.694  0.   1.0000
2050 1 1 0 0 0    2.950  0.   1.0000
2051 1 1 0 0 0    3.206  0.   1.0000
2052 1 1 0 0 0    3.461  0.   1.0000
2053 1 1 0 0 0    2.732  0.   1.0000
2054 1 1 0 0 0    2.988  0.   1.0000
2055 1 1 0 0 0    3.244  0.   1.0000
2056 1 1 0 0 0    3.499  0.   1.0000
2057 1 1 0 0 0    2.770  0.   1.0000
2058 1 1 0 0 0    3.026  0.   1.0000
2059 1 1 0 0 0    3.282  0.   1.0000
2060 1 1 0 0 0    3.537  0.   1.0000
2061 1 1 0 0 0    2.808  0.   1.0000
2062 1 1 0 0 0    3.064  0.   1.0000
2063 1 1 0 0 0    3.320  0.   1.0000
2064 1 1 0 0 0    3.576  0.   1.0000
2065 1 1 0 0 0    2.846  0.   1.0000
2066 1 1 0 0 0    3.102  0.   1.0000
2067 1 1 0 0 0    3.358  0.   1.0000
2068 1 1 0 0 0    3.613  0.   1.0000
2069 1 1 0 0 0    2.884  0.   1.0000
2070 1 1 0 0 0    3.140  0.   1.0000
2071 1 1 0 0 0    3.396  0.   1.0000
2072 1 1 0 0 0    3.652  0.   1.0000
2073 1 1 0 0 0    2.922  0.   1.0000
2074 1 1 0 0 0    3.178  0.   1.0000
2075 1 1 0 0 0    3.434  0.   1.0000
2076 1 1 0 0 0    3.689  0.   1.0000
2077 1 1 0 0 0    2.960  0.   1.0000
2078 1 1 0 0 0    3.216  0.   1.0000
2079 1 1 0 0 0    3.472  0.   1.0000
2080 1 1 0 0 0    3.728  0.   1.0000
2081 1 1 0 0 0    2.998  0.   1.0000
2082 1 1 0 0 0    3.254  0.   1.0000
2083 1 1 0 0 0    3.510  0.   1.0000
2084 1 1 0 0 0    3.766  0.   1.0000
2085 1 1 0 0 0    3.036  0.   1.0000
2086 1 1 0 0 0    3.292  0.   1.0000
2087 1 1 0 0 0    3.548  0.   1.0000
2088 1 1 0 0 0    3.804  0.   1.0000
2089 1 1 0 0 0    3.074  0.   1.0000
2090 1 1 0 0 0    3.330  0.   1.0000
2091 1 1 0 0 0    3.586  0.   1.0000
2092 1 1 0 0 0    3.842  0.   1.0000
2093 1 1 0 0 0    3.112  0.   1.0000
2094 1 1 0 0 0    3.368  0.   1.0000
2095 1 1 0 0 0    3.624  0.   1.0000
2096 1 1 0 0 0    3.880  0.   1.0000
2097 1 1 0 0 0    3.150  0.   1.0000
2098 1 1 0 0 0    3.406  0.   1.0000
2099 1 1 0 0 0    3.662  0.   1.0000
2100 1 1 0 0 0    3.918  0.   1.0000
2101 1 1 0 0 0    3.188  0.   1.0000
2102 1 1 0 0 0    3.444  0.   1.0000
2103 1 1 0 0 0    3.700  0.   1.0000
2104 1 1 0 0 0    3.956  0.   1.0000
2105 1 1 0 0 0    3.226  0.   1.0000
2106 1 1 0 0 0    3.482  0.   1.0000
2107 1 1 0 0 0    3.738  0.   1.0000
2108 1 1 0 0 0    3.994  0.   1.0000
2109 1 1 0 0 0    3.264  0.   1.0000
2110 1 1 0 0 0    3.520  0.   1.0000
2111 1 1 0 0 0    3.776  0.   1.0000
2112 1 1 0 0 0    4.032  0.   1.0000
2113 1 1 0 0 0    3.302  0.   1.0000
2114 1 1 0 0 0    3.558  0.   1.0000
2115 1 1 0 0 0    3.814  0.   1.0000
2116 1 1 0 0 0    4.070  0.   1.0000
2117 1 1 0 0 0    3.340  0.   1.0000
2118 1 1 0 0 0    3.596  0.   1.0000
2119 1 1 0 0 0    3.852  0.   1.0000
2120 1 1 0 0 0    4.108  0.   1.0000
2121 1 1 0 0 0    3.378  0.   1.0000
2122 1 1 0 0 0    3.634  0.   1.0000
2123 1 1 0 0 0    3.890  0.   1.0000
2124 1 1 0 0 0    4.146  0.   1.0000
2125 1 1 0 0 0    3.416  0.   1.0000
2126 1 1 0 0 0    3.672  0.   1.0000
2127 1 1 0 0 0    3.928  0.   1.0000
2128 1 1 0 0 0    4.184  0.   1.0000
2129 1 1 0 0 0    3.454  0.   1.0000
2130 1 1 0 0 0    3.710  0.   1.0000
2131 1 1 0 0 0    3.966  0.   1.0000
2132 1 1 0 0 0    4.222  0.   1.0000
2133 1 1 0 0 0    3.492  0.   1.0000
2134 1 1 0 0 0    3.748  0.   1.0000
2135 1 1 0 0 0    4.004  0.   1.0000
2136 1 1 0 0 0    4.260  0.   1.0000
2137 1 1 0 0 0    3.530  0.   1.0000
2138 1 1 0 0 0    3.786  0.   1.0000
2139 1 1 0 0 0    4.042  0.   1.0000
2140 1 1 0 0 0    4.298  0.   1.0000
2141 1 1 0 0 0    3.568  0.   1.0000
2142 1 1 0 0 0    3.824  0.   1.0000
2143 1 1 0 0 0    4.080  0.   1.0000
2144 1 1 0 0 0    4.336  0.   1.0000
2145 1 1 0 0 0    3.606  0.   1.0000
2146 1 1 0 0 0    3.862  0.   1.0000
2147 1 1 0 0 0    4.118  0.   1.0000
2148 1 1 0 0 0    4.374  0.   1.0000
2149 1 1 0 0 0    3.644  0.   1.0000
2150 1 1 0 0 0    3.900  0.   1.0000
2151 1 1 0 0 0    4.156  0.   1.0000
2152 1 1 0 0 0    4.412  0.   1.0000
2153 1 1 0 0 0    3.682  0.   1.0000
2154 1 1 0 0 0    3.938  0.   1.0000
2155 1 1 0 0 0    4.194  0.   1.0000
2156 1 1 0 0 0    4.450  0.   1.0000
2157 1 1 0 0 0    3.720  0.   1.0000
2158 1 1 0 0 0    3.976  0.   1.0000
2159 1 1 0 0 0    4.232  0.   1.0000
2160 1 1 0 0 0    4.488  0.   1.0000
2161 1 1 0 0 0    3.758  0.   1.0000
2162 1 1 0 0 0    4.014  0.   1.0000
2163 1 1 0 0 0    4.270  0.   1.0000
2164 1 1 0 0 0    4.526  0.   1.0000
2165 1 1 0 0 0    3.796  0.   1.0000
2166 1 1 0 0 0    4.052  0.   1.0000
2167 1 1 0 0 0    4.308  0.   1.0000
2168 1 1 0 0 0    4.564  0.   1.0000
2169 1 1 0 0 0    3.834  0.   1.0000
2170 1 1 0 0 0    4.090  0.   1.0000
2171 1 1 0 0 0    4.346  0.   1.0000
2172 1 1 0 0 0    4.602  0.   1.0000
2173 1 1 0 0 0    3.872  0.   1.0000
2174 1 1 0 0 0    4.128  0.   1.0000
2175 1 1 0 0 0    4.384  0.   1.0000
2176 1 1 0 0 0    4.640  0.   1.0000
2177 1 1 0 0 0    3.910  0.   1.0000
2178 1 1 0 0 0    4.166  0.   1.0000
2179 1 1 0 0 0    4.422  0.   1.0000
2180 1 1 0 0 0    4.678  0.   1.0000
2181 1 1 0 0 0    3.948  0.   1.0000
2182 1 1 0 0 0    4.204  0.   1.0000
2183 1 1 0 0 0    4.460  0.   1.0000
2184 1 1 0 0 0    4.716  0.   1.0000
2185 1 1 0 0 0    3.986  0.   1.0000
2186 1 1 0 0 0    4.242  0.   1.0000
2187 1 1 0 0 0    4.498  0.   1.0000
2188 1 1 0 0 0    4.754  0.   1.0000
2189 1 1 0 0 0    4.024  0.   1.0000
2190 1 1 0 0 0    4.280  0.   1.0000
2191 1 1 0 0 0    4.536  0.   1.0000
2192 1 1 0 0 0    4.792  0.   1.0000
2193 1 1 0 0 0    4.062  0.   1.0000
2194 1 1 0 0 0    4.318  0.   1.0000
2195 1 1 0 0 0    4.574  0.   1.0000
2196 1 1 0 0 0    4.830  0.   1.0000
2197 1 1 0 0 0    4.100  0.   1.0000
2198 1 1 0 0 0    4.356  0.   1.0000
2199 1 1 0 0 0    4.612  0.   1.0000
