   3  462   33.32   -8.34    0.00  117.00   24.00 1998.00    1.00    1.00   12.00    0.00    0.00
 108  585   36.27   -5.29    0.00   30.00   24.00 1998.00    1.00    1.00   12.00    0.00    0.00
 136  601   36.71   -4.43    0.00   30.00   24.00 1998.00    1.00    1.00   12.00    0.00    0.00
 134  599   36.66   -4.48    0.00    8.00   24.00 1998.00    1.00    1.00   12.00    0.00    0.00
 701  675   41.98    9.43    0.00    3.70   24.00 1998.00    1.00    1.00   12.00    0.00    0.00
 673  666   41.51    8.92    0.00    0.90   24.00 1998.00    1.00    1.00   12.00    0.00    0.00
 689  662   41.62    9.35    0.00    1.00   24.00 1998.00    1.00    1.00   12.00    0.00    0.00
 676  673   41.67    8.89    0.00    3.70   24.00 1998.00    1.00    1.00   12.00    0.00    0.00
 697  671   41.87    9.40    0.00    2.30   24.00 1998.00    1.00    1.00   12.00    0.00    0.00
 676  675   41.70    8.86    0.00    7.30   24.00 1998.00    1.00    1.00   12.00    0.00    0.00
 677  659   41.43    9.12    0.00    1.00   24.00 1998.00    1.00    1.00   12.00    0.00    0.00
 692  664   41.69    9.39    0.00    1.20   24.00 1998.00    1.00    1.00   12.00    0.00    0.00
 682  694   42.09    8.71    0.00   14.20   24.00 1998.00    1.00    1.00   12.00    0.00    0.00
 686  702   42.26    8.69    0.00    2.80   24.00 1998.00    1.00    1.00   12.00    0.00    0.00
 682  695   42.10    8.70    0.00    0.70   24.00 1998.00    1.00    1.00   12.00    0.00    0.00
 689  709   42.41    8.65    0.00    2.00   24.00 1998.00    1.00    1.00   12.00    0.00    0.00
 679  796   43.65    7.21    1.00 -999.00   24.00 2009.00    1.00    1.00   12.00    0.00    0.00
 697  793   43.79    7.61    0.00   15.00   24.00 1998.00    1.00    1.00   12.00    0.00    0.00
 698  792   43.78    7.64    0.00    2.60   24.00 1998.00    1.00    1.00   12.00    0.00    0.00
 717  691   42.43    9.54    0.00    1.40   24.00 1998.00    1.00    1.00   12.00    0.00    0.00
 710  681   42.18    9.54    0.00    0.80   24.00 1998.00    1.00    1.00   12.00    0.00    0.00
 708  678   42.11    9.54    0.00   11.50   24.00 1998.00    1.00    1.00   12.00    0.00    0.00
 719  695   42.52    9.52    0.00   14.00   24.00 1998.00    1.00    1.00   12.00    0.00    0.00
 707  711   42.64    9.02    0.00    0.40   24.00 1998.00    1.00    1.00   12.00    0.00    0.00
 720  701   42.63    9.45    0.00    0.60   24.00 1998.00    1.00    1.00   12.00    0.00    0.00
 715  787   43.89    8.06    0.00    1.50   24.00 1998.00    1.00    1.00   12.00    0.00    0.00
 725  790   44.03    8.21    0.00   10.00   24.00 1998.00    1.00    1.00   12.00    0.00    0.00
 745  796   44.33    8.52    0.00    1.00   24.00 1998.00    1.00    1.00   12.00    0.00    0.00
 757  425   37.81   15.21    0.00    9.00   24.00 1998.00    1.00    1.00   12.00    0.00    0.00
 202  526   35.11   -2.33    0.00   21.10   24.00 1998.00    1.00    1.00   12.00    0.00    0.00
 796  564   41.24   13.58    0.00  120.00   24.00 1998.00    1.00    1.00   12.00    0.00    0.00
 775  608   41.74   12.26    0.00  217.00   24.00 1998.00    1.00    1.00   12.00    0.00    0.00
 767  668   42.65   11.03    0.00   32.00   24.00 1998.00    1.00    1.00   12.00    0.00    0.00
 765  689   42.97   10.63    0.00    2.90   24.00 1998.00    1.00    1.00   12.00    0.00    0.00
 767  675   42.77   10.91    0.00    6.80   24.00 1998.00    1.00    1.00   12.00    0.00    0.00
 767  658   42.49   11.20    0.00   15.00   24.00 1998.00    1.00    1.00   12.00    0.00    0.00
 777  725   43.67   10.28    1.00   84.00   24.00 2001.00    1.00    1.00   12.00    0.00    0.00
 780  729   43.76   10.28    0.00   46.10   24.00 1998.00    1.00    1.00   12.00    0.00    0.00
 772  704   43.29   10.53    0.00   15.00   24.00 1998.00    1.00    1.00   12.00    0.00    0.00
 770  775   44.31    9.33    0.00   13.80   24.00 1998.00    1.00    1.00   12.00    0.00    0.00
 781  748   44.06    9.99    0.00   40.00   24.00 1998.00    1.00    1.00   12.00    0.00    0.00
 771  770   44.25    9.43    0.00    1.24   24.00 1998.00    1.00    1.00   12.00    0.00    0.00
 760  790   44.41    8.90    0.00    4.80   24.00 1998.00    1.00    1.00   12.00    0.00    0.00
 761  788   44.40    8.95    0.00    2.38   24.00 1998.00    1.00    1.00   12.00    0.00    0.00
 800  549   41.02   13.96    0.00   82.00   24.00 1998.00    1.00    1.00   12.00    0.00    0.00
 801  559   41.22   13.79    0.00  120.00   24.00 1998.00    1.00    1.00   12.00    0.00    0.00
 846  472   40.23   16.71    0.00   20.00   24.00 1998.00    1.00    1.00   12.00    0.00    0.00
 863  515   41.34   16.22    1.00   15.00  730.50 2010.00    1.00   15.00   12.00    0.00    0.00
 846  592   42.46   14.22    1.00   57.00  730.50 2010.00    1.00   15.00   12.00    0.00    0.00
 847  578   42.23   14.53    1.00    9.00  730.50 2010.00    1.00   15.00   12.00    0.00    0.00
 851  613   42.89   13.92    1.00   17.00  730.50 2010.00    1.00   15.00   12.00    0.00    0.00
 858  671   43.90   12.94    1.00    7.00  730.50 2010.00    1.00   15.00   12.00    0.00    0.00
 886  734   45.18   12.30    1.00   93.00  730.50 2010.00    1.00   15.00   12.00    0.00    0.00
 884  720   44.97   12.53    1.00 1560.00   24.00 2011.00    1.00    1.00   12.00    0.00    0.00
 885  732   45.14   12.32    1.00  235.00  730.50 2010.00    1.00   15.00   12.00    0.00    0.00
 864  713   44.60   12.26    1.00   95.00  730.50 2010.00    1.00   15.00   12.00    0.00    0.00
 858  704   44.39   12.31    1.00   10.00  730.50 2010.00    1.00   15.00   12.00    0.00    0.00
 897  342   38.32   21.12    1.00   51.40  730.50 2010.00    1.00   15.00   12.00    0.00    0.00
 915  435   40.68   19.37    1.00  145.30  730.50 2010.00    1.00   15.00   12.00    0.00    0.00
 919  438   40.81   19.41    1.00   32.80  730.50 2010.00    1.00   15.00   12.00    0.00    0.00
 926  443   41.04   19.47    1.00   35.30  730.50 2010.00    1.00   15.00   12.00    0.00    0.00
 935  453   41.40   19.46    1.00   13.40  730.50 2010.00    1.00   15.00   12.00    0.00    0.00
 935  539   42.96   17.43    1.00  234.00  730.50 2010.00    1.00   15.00   12.00    0.00    0.00
 923  598   43.73   15.83    1.00   39.00  730.50 2010.00    1.00   15.00   12.00    0.00    0.00
 933  570   43.44   16.68    1.00   37.30  730.50 2010.00    1.00   15.00   12.00    0.00    0.00
 282  647   38.12   -0.65    0.00   26.00   24.00 1998.00    1.00    1.00   12.00    0.00    0.00
 924  730   45.65   13.09    1.00   70.00  730.50 2010.00    1.00   15.00   12.00    0.00    0.00
 909  736   45.52   12.69    1.00  135.00  730.50 2010.00    1.00   15.00   12.00    0.00    0.00
 904  738   45.48   12.56    1.00   33.00  730.50 2010.00    1.00   15.00   12.00    0.00    0.00
 944   58   31.48   30.38    0.00  475.00   24.00 1998.00    1.00    1.00   12.00    0.00    0.00
 973  369   40.43   22.62    1.00   73.00  730.50 2010.00    1.00   15.00   12.00    0.00    0.00
 979  367   40.51   22.84    1.00  158.00  730.50 2010.00    1.00   15.00   12.00    0.00    0.00
 946  468   41.88   19.38    1.00  352.00  730.50 2010.00    1.00   15.00   12.00    0.00    0.00
 942  456   41.58   19.57    1.00   25.30  730.50 2010.00    1.00   15.00   12.00    0.00    0.00
 940  517   42.66   18.06    1.00   90.00  730.50 2010.00    1.00   15.00   12.00    0.00    0.00
 940  516   42.65   18.08    1.00   21.30  730.50 2010.00    1.00   15.00   12.00    0.00    0.00
 937  539   42.99   17.48    1.00  234.00  730.50 2010.00    1.00   15.00   12.00    0.00    0.00
 943  660   44.97   14.91    1.00   60.00  730.50 2010.00    1.00   15.00   12.00    0.00    0.00
 938  721   45.73   13.53    1.00  170.00  730.50 2010.00    1.00   15.00   12.00    0.00    0.00
 291  550   36.03    0.15    0.00   49.00   24.00 1998.00    1.00    1.00   12.00    0.00    0.00
1023  341   40.88   24.78    0.00   58.00   24.00 1998.00    1.00    1.00   12.00    0.00    0.00
1058  113   36.09   32.88    0.00   24.40   24.00 1998.00    1.00    1.00   12.00    0.00    0.00
1049  144   36.72   31.56    0.00  147.00   24.00 1998.00    1.00    1.00   12.00    0.00    0.00
1041  314   40.70   26.07    0.00  200.00   24.00 1998.00    1.00    1.00   12.00    0.00    0.00
 308  693   39.15   -0.24    0.00   13.00   24.00 1998.00    1.00    1.00   12.00    0.00    0.00
 326  729   39.92   -0.01    0.00   14.70   24.00 1998.00    1.00    1.00   12.00    0.00    0.00
 313  717   39.64   -0.26    0.00    1.50   24.00 1998.00    1.00    1.00   12.00    0.00    0.00
 372  760   40.71    0.87    1.00 -999.00   24.00 2009.00    1.00    1.00   12.00    0.00    0.00
 353  752   40.47    0.48    0.00    0.43   24.00 1998.00    1.00    1.00   12.00    0.00    0.00
 423  553   36.91    3.87    0.00   23.00   24.00 1998.00    1.00    1.00   12.00    0.00    0.00
 412  775   41.20    1.68    0.00    0.30   24.00 1998.00    1.00    1.00   12.00    0.00    0.00
 391  776   41.09    1.19    0.00    1.20   24.00 1998.00    1.00    1.00   12.00    0.00    0.00
 399  776   41.14    1.38    0.00    0.60   24.00 1998.00    1.00    1.00   12.00    0.00    0.00
 458  531   36.69    5.07    0.00   22.00   24.00 1998.00    1.00    1.00   12.00    0.00    0.00
  27  625   37.19   -7.44    0.00  104.00   24.00 1998.00    1.00    1.00   12.00    0.00    0.00
 432  774   41.30    2.14    0.00   19.00   24.00 1998.00    1.00    1.00   12.00    0.00    0.00
 464  783   41.66    2.78    0.00    5.00   24.00 1998.00    1.00    1.00   12.00    0.00    0.00
 438  779   41.42    2.23    0.00    4.00   24.00 1998.00    1.00    1.00   12.00    0.00    0.00
  54  500   34.26   -6.67    0.00  137.00   24.00 1998.00    1.00    1.00   12.00    0.00    0.00
  50  491   34.03   -6.83    0.00   23.00   24.00 1998.00    1.00    1.00   12.00    0.00    0.00
 488  795   42.02    3.20    0.00   17.00   24.00 1998.00    1.00    1.00   12.00    0.00    0.00
 489  806   42.20    3.12    0.00   11.00   24.00 1998.00    1.00    1.00   12.00    0.00    0.00
 490  807   42.23    3.13    0.00    3.00   24.00 1998.00    1.00    1.00   12.00    0.00    0.00
 498  835   42.72    3.04    1.00 -999.00   24.00 2000.00    1.00    1.00   12.00    0.00    0.00
 499  837   42.76    3.04    1.00 -999.00   24.00 2000.00    1.00    1.00   12.00    0.00    0.00
 495  828   42.59    3.04    1.00 -999.00   24.00 2009.00    1.00    1.00   12.00    0.00    0.00
 529  858   43.28    3.45    1.00 -999.00   24.00 2000.00    1.00    1.00   12.00    0.00    0.00
 522  859   43.25    3.30    1.00 -999.00   24.00 2004.00    1.00    1.00   12.00    0.00    0.00
 519  858   43.21    3.25    1.00 -999.00   24.00 2000.00    1.00    1.00   12.00    0.00    0.00
 585  832   43.33    4.86    1.00 -999.00   24.00 1998.00    1.00    1.00   12.00    0.00    0.00
 571  848   43.45    4.40    1.00 -999.00   24.00 1998.00    1.00    1.00   12.00    0.00    0.00
  65  607   36.78   -6.36    0.00  164.00   24.00 1998.00    1.00    1.00   12.00    0.00    0.00
 615  480   37.12   10.19    0.00    3.90   24.00 1998.00    1.00    1.00   12.00    0.00    0.00
 623  607   39.88    8.56    0.00    4.00   24.00 1998.00    1.00    1.00   12.00    0.00    0.00
 655  795   43.40    6.73    1.00 -999.00   24.00 2009.00    1.00    1.00   12.00    0.00    0.00
 927  627   44.25   15.29    0.00   29.80   24.00 1998.00    1.00    1.00   12.00    0.00    0.00
1096  270   41.01   29.02    1.00 9500.00 2191.50 2010.00    5.00   14.00   12.00    0.00    0.00
1096  269   40.99   29.05    1.00 9500.00 2191.50 2010.00    5.00   14.00   12.00    0.00    0.00
1004  356   40.79   23.83    1.00  110.00  730.50 2010.00    1.00   15.00   12.00    0.00    0.00
 944  326   38.89   22.92    1.00   62.00  730.50 2010.00    1.00   15.00   12.00    0.00    0.00
 962  354   39.88   22.70    1.00   81.00  730.50 2010.00    1.00   15.00   12.00    0.00    0.00
 982  370   40.63   22.84    1.00   39.50  730.50 2010.00    1.00   15.00   12.00    0.00    0.00
 978  370   40.55   22.73    1.00   23.00  730.50 2010.00    1.00   15.00   12.00    0.00    0.00
1002  233   37.92   27.28    1.00    5.00  730.50 2010.00    1.00   15.00   12.00    0.00    0.00
1028  295   39.99   26.26    1.00   11.00  730.50 2010.00    1.00   15.00   12.00    0.00    0.00
1008  254   38.57   26.85    1.00   10.00  730.50 2010.00    1.00   15.00   12.00    0.00    0.00
 993  226   37.53   27.20    1.00   25.00  730.50 2010.00    1.00   15.00   12.00    0.00    0.00
1045  152   36.84   31.17    1.00  117.00  730.50 2010.00    1.00   15.00   12.00    0.00    0.00
1018  260   38.95   26.99    1.00    7.00  730.50 2010.00    1.00   15.00   12.00    0.00    0.00
1107   85   36.62   35.56    1.00  180.00  730.50 2010.00    1.00   15.00   12.00    0.00    0.00
1100   96   36.74   34.93    1.00  146.00  730.50 2010.00    1.00   15.00   12.00    0.00    0.00
