237 117  229 118  3
246 117  249 114  1
..................................................................
 i   j   h        dx     dy   lon                 lat
..................................................................
237 117  2.       -100.  10.  3.6627215178   43.3945864562 ! point 1 229 118
238 117  2.       -100.  10.  3.661750600935489   43.39475716452461
239 117  2.       -100.  10.  3.661346078328418   43.39562249876029
240 117  2.       -100.  10.  3.660832066972799   43.39673449189107
241 117  2.       -100.  10.  3.659491074066221   43.39769581269812
242 117  2.       -100.  10.  3.659718020167773   43.39903961897473
243 117  2.       -100.  10.  3.659159175290878   43.40038952395643
244 117  2.       -100.  10.  3.658176430628111   43.40131461939917
245 117  2.       -100.  10.  3.657185924535424   43.40224150376716
246 117  1.01399  -100.  10.  3.6548840510        43.4054108170   ! point 2 249 114
