 162 265 158  255  4 
 171 265 184  277  1
..................................................................................
 i   j   h          dx     dy   longitude           latitude
..................................................................................
 162 265 1.166197   -100.   50.  3.5573947           43.3175055   ! point 1 (158,255)
 163 265 2.         -100.   50.  3.556087769705318   43.31889783265095   
 164 265 3.         -100.   50.  3.554411594803262   43.31978174286775
 165 265 3.         -100.   50.  3.552230694921634   43.32094277871897
 166 265 3.         -100.   50.  3.550202772475526   43.32251683150656
 167 265 3.         -100.   50.  3.548240063050621   43.32417396367257
 168 265 3.         -100.   50.  3.54630247974588    43.32592841304333
 169 265 3.         -100.   50.  3.544910281156888   43.32793756588562
 170 265 3.         -100.   50.  3.54402752350635    43.3305853217942
 171 265 1.013990   -100.   50.  3.5439919           43.3357896 ! point 2 (184,277)
