 205 81  202   87  3  
 212 81  218   70  1
....................................................................
 i   j   h        dx     dy    lon                 lat
....................................................................
 205 81  1.416215 -100.  40.   3.6980863538        43.3968877574 ! point 1  (202,87)
 206 81  2.       -100.  40.   3.697184497347019   43.39954625486794 
 207 81  2.       -100.  40.   3.697409068993498   43.40112221152665
 208 81  2.       -100.  40.   3.697350775661556   43.40263388063682
 209 81  2.       -100.  40.   3.697033515737445   43.40419027885544
 210 81  2.       -100.  40.   3.696721805887733   43.40574226239593 
 211 81  2.       -100.  40.   3.696197773245913   43.40725968676757
 212 81  0.5      -100.  40.   3.6959916638        43.4104585203 ! point 2  (218,70)
