 K2 pulsation (degrees/h):
  30.0821372780000011
Year  M D h m s  V0(deg)   u(deg)    f:
1950  1 1 0 0 0  200.162  356.574    1.309 
1951  1 1 0 0 0  199.685    2.049    1.314 
1952  1 1 0 0 0  199.207    7.352    1.284 
1953  1 1 0 0 0  200.701   12.029    1.223 
1954  1 1 0 0 0  200.224   15.580    1.139 
1955  1 1 0 0 0  199.746   17.558    1.043 
1956  1 1 0 0 0  199.269   17.579    0.946 
1957  1 1 0 0 0  200.763   15.456    0.861 
1958  1 1 0 0 0  200.285   11.366    0.797 
1959  1 1 0 0 0  199.808    5.831    0.758 
1960  1 1 0 0 0  199.330  359.580    0.746 
1961  1 1 0 0 0  200.824  353.364    0.762 
1962  1 1 0 0 0  200.347  347.984    0.804 
1963  1 1 0 0 0  199.869  344.136    0.871 
1964  1 1 0 0 0  199.392  342.303    0.958 
1965  1 1 0 0 0  200.886  342.602    1.056 
1966  1 1 0 0 0  200.408  344.817    1.151 
1967  1 1 0 0 0  199.931  348.545    1.233 
1968  1 1 0 0 0  199.453  353.322    1.290 
1969  1 1 0 0 0  200.947  358.689    1.315 
1970  1 1 0 0 0  200.470    4.152    1.306 
1971  1 1 0 0 0  199.992    9.264    1.264 
1972  1 1 0 0 0  199.515   13.555    1.193 
1973  1 1 0 0 0  201.009   16.558    1.103 
1974  1 1 0 0 0  200.531   17.814    1.005 
1975  1 1 0 0 0  200.054   17.011    0.911 
1976  1 1 0 0 0  199.576   14.091    0.833 
1977  1 1 0 0 0  201.070    9.352    0.778 
1978  1 1 0 0 0  200.593    3.448    0.750 
1979  1 1 0 0 0  200.115  357.127    0.749 
1980  1 1 0 0 0  199.638  351.153    0.775 
1981  1 1 0 0 0  201.132  346.275    0.827 
1982  1 1 0 0 0  200.654  343.170    0.903 
1983  1 1 0 0 0  200.177  342.170    0.996 
1984  1 1 0 0 0  199.699  343.248    1.094 
1985  1 1 0 0 0  201.193  346.109    1.185 
1986  1 1 0 0 0  200.716  350.301    1.258 
1987  1 1 0 0 0  200.238  355.357    1.304 
1988  1 1 0 0 0  199.761    0.807    1.316 
1989  1 1 0 0 0  201.255    6.203    1.293 
1990  1 1 0 0 0  200.777   11.052    1.239 
1991  1 1 0 0 0  200.300   14.897    1.160 
1992  1 1 0 0 0  199.823   17.270    1.065 
1993  1 1 0 0 0  201.316   17.758    0.967 
1994  1 1 0 0 0  200.839   16.121    0.879 
1995  1 1 0 0 0  200.361   12.443    0.809 
1996  1 1 0 0 0  199.884    7.175    0.764 
1997  1 1 0 0 0  201.378    1.003    0.747 
1998  1 1 0 0 0  200.900  354.725    0.756 
1999  1 1 0 0 0  200.423  349.093    0.792 
2000  1 1 0 0 0  199.946  344.843    0.854 
2001  1 1 0 0 0  201.439  342.526    0.938 
2002  1 1 0 0 0  200.962  342.354    1.034 
2003  1 1 0 0 0  200.485  344.166    1.131 
2004  1 1 0 0 0  200.007  347.591    1.216 
2005  1 1 0 0 0  201.501  352.186    1.279 
2006  1 1 0 0 0  201.023  357.450    1.312 
2007  1 1 0 0 0  200.546    2.929    1.311 
2008  1 1 0 0 0  200.069    8.160    1.276 
2009  1 1 0 0 0  201.562   12.690    1.211 
2010  1 1 0 0 0  201.085   16.017    1.124 
2011  1 1 0 0 0  200.608   17.702    1.027 
2012  1 1 0 0 0  200.130   17.382    0.931 
2013  1 1 0 0 0  201.624   14.919    0.849 
2014  1 1 0 0 0  201.146   10.552    0.789 
2015  1 1 0 0 0  200.669    4.850    0.754 
2016  1 1 0 0 0  200.192  358.556    0.747 
2017  1 1 0 0 0  201.685  352.421    0.767 
2018  1 1 0 0 0  201.208  347.243    0.813 
2019  1 1 0 0 0  200.731  343.696    0.884 
2020  1 1 0 0 0  200.253  342.209    0.974 
2021  1 1 0 0 0  201.747  342.839    1.072 
2022  1 1 0 0 0  201.270  345.328    1.166 
2023  1 1 0 0 0  200.792  349.258    1.244 
2024  1 1 0 0 0  200.315  354.159    1.296 
2025  1 1 0 0 0  201.808  359.576    1.316 
2026  1 1 0 0 0  201.331    5.013    1.301 
2027  1 1 0 0 0  200.854   10.024    1.254 
2028  1 1 0 0 0  200.376   14.139    1.179 
2029  1 1 0 0 0  201.870   16.889    1.087 
2030  1 1 0 0 0  201.393   17.830    0.989 
2031  1 1 0 0 0  200.915   16.680    0.897 
2032  1 1 0 0 0  200.438   13.437    0.823 
2033  1 1 0 0 0  201.932    8.459    0.772 
2034  1 1 0 0 0  201.454    2.436    0.748 
2035  1 1 0 0 0  200.977  356.119    0.751 
2036  1 1 0 0 0  200.499  350.273    0.781 
2037  1 1 0 0 0  201.993  345.641    0.838 
2038  1 1 0 0 0  201.516  342.863    0.917 
2039  1 1 0 0 0  201.038  342.209    1.011 
2040  1 1 0 0 0  200.561  343.598    1.109 
2041  1 1 0 0 0  202.055  346.707    1.199 
2042  1 1 0 0 0  201.577  351.071    1.268 
2043  1 1 0 0 0  201.100  356.222    1.308 
2044  1 1 0 0 0  200.622    1.692    1.315 
2045  1 1 0 0 0  202.116    7.034    1.287 
2046  1 1 0 0 0  201.639   11.753    1.228 
2047  1 1 0 0 0  201.161   15.392    1.145 
2048  1 1 0 0 0  200.684   17.485    1.049 
2049  1 1 0 0 0  202.178   17.640    0.952 
2050  1 1 0 0 0  201.700   15.658    0.866 
2051  1 1 0 0 0  201.223   11.684    0.800 
2052  1 1 0 0 0  200.745    6.222    0.760 
2053  1 1 0 0 0  202.239  359.977    0.746 
2054  1 1 0 0 0  201.762  353.752    0.760 
2055  1 1 0 0 0  201.284  348.295    0.800 
2056  1 1 0 0 0  200.807  344.329    0.866 
2057  1 1 0 0 0  202.301  342.354    0.953 
2058  1 1 0 0 0  201.823  342.520    1.050 
2059  1 1 0 0 0  201.346  344.621    1.146 
2060  1 1 0 0 0  200.868  348.265    1.228 
2061  1 1 0 0 0  202.362  353.002    1.287 
2062  1 1 0 0 0  201.885  358.332    1.315 
2063  1 1 0 0 0  201.407    3.802    1.308 
2064  1 1 0 0 0  200.930    8.950    1.267 
2065  1 1 0 0 0  202.424   13.320    1.198 
2066  1 1 0 0 0  201.946   16.412    1.109 
2067  1 1 0 0 0  201.469   17.793    1.011 
2068  1 1 0 0 0  200.991   17.130    0.917 
2069  1 1 0 0 0  202.485   14.332    0.838 
2070  1 1 0 0 0  202.008    9.704    0.781 
2071  1 1 0 0 0  201.530    3.854    0.751 
2072  1 1 0 0 0  201.053  357.537    0.748 
2073  1 1 0 0 0  202.547  351.501    0.772 
2074  1 1 0 0 0  202.069  346.544    0.823 
2075  1 1 0 0 0  201.592  343.310    0.898 
2076  1 1 0 0 0  201.114  342.170    0.989 
2077  1 1 0 0 0  202.608  343.124    1.088 
2078  1 1 0 0 0  202.131  345.877    1.180 
2079  1 1 0 0 0  201.653  349.996    1.254 
2080  1 1 0 0 0  201.176  355.010    1.302 
2081  1 1 0 0 0  202.670    0.463    1.316 
2082  1 1 0 0 0  202.192    5.863    1.296 
2083  1 1 0 0 0  201.715   10.762    1.244 
2084  1 1 0 0 0  201.237   14.686    1.165 
2085  1 1 0 0 0  202.731   17.173    1.071 
2086  1 1 0 0 0  202.254   17.790    0.973 
2087  1 1 0 0 0  201.776   16.293    0.884 
2088  1 1 0 0 0  201.299   12.738    0.813 
2089  1 1 0 0 0  202.793    7.538    0.766 
2090  1 1 0 0 0  202.315    1.416    0.747 
2091  1 1 0 0 0  201.838  355.123    0.754 
2092  1 1 0 0 0  201.360  349.425    0.789 
2093  1 1 0 0 0  202.854  345.056    0.849 
2094  1 1 0 0 0  202.377  342.612    0.932 
2095  1 1 0 0 0  201.899  342.302    1.027 
2096  1 1 0 0 0  201.422  343.994    1.125 
2097  1 1 0 0 0  202.916  347.339    1.211 
2098  1 1 0 0 0  202.438  351.861    1.276 
2099  1 1 0 0 0  201.961  357.095    1.311 
2100  1 1 0 0 0  201.483    2.574    1.312 
