 M2 pulsation (degrees/h):
  28.9841042139999985
Year  M D h m s  V0(deg)   u(deg)    f:
1950  1 1 0 0 0   71.395  359.547    0.964 
1951  1 1 0 0 0  172.148    0.271    0.964 
1952  1 1 0 0 0  272.901    0.963    0.967 
1953  1 1 0 0 0  349.273    1.546    0.974 
1954  1 1 0 0 0   90.026    1.949    0.985 
1955  1 1 0 0 0  190.778    2.130    0.997 
1956  1 1 0 0 0  291.531    2.070    1.009 
1957  1 1 0 0 0    7.903    1.778    1.021 
1958  1 1 0 0 0  108.656    1.288    1.030 
1959  1 1 0 0 0  209.409    0.657    1.036 
1960  1 1 0 0 0  310.162  359.953    1.038 
1961  1 1 0 0 0   26.533  359.252    1.035 
1962  1 1 0 0 0  127.286  358.636    1.029 
1963  1 1 0 0 0  228.039  358.170    1.019 
1964  1 1 0 0 0  328.792  357.908    1.008 
1965  1 1 0 0 0   45.163  357.881    0.995 
1966  1 1 0 0 0  145.916  358.093    0.983 
1967  1 1 0 0 0  246.669  358.523    0.973 
1968  1 1 0 0 0  347.422  359.123    0.966 
1969  1 1 0 0 0   63.793  359.827    0.963 
1970  1 1 0 0 0  164.546    0.548    0.964 
1971  1 1 0 0 0  265.299    1.206    0.969 
1972  1 1 0 0 0    6.052    1.725    0.978 
1973  1 1 0 0 0   82.423    2.047    0.989 
1974  1 1 0 0 0  183.176    2.135    1.002 
1975  1 1 0 0 0  283.929    1.983    1.014 
1976  1 1 0 0 0   24.682    1.610    1.025 
1977  1 1 0 0 0  101.054    1.056    1.033 
1978  1 1 0 0 0  201.807    0.388    1.037 
1979  1 1 0 0 0  302.559  359.677    1.037 
1980  1 1 0 0 0   43.312  359.001    1.033 
1981  1 1 0 0 0  119.684  358.434    1.026 
1982  1 1 0 0 0  220.437  358.042    1.015 
1983  1 1 0 0 0  321.190  357.869    1.003 
1984  1 1 0 0 0   61.942  357.935    0.990 
1985  1 1 0 0 0  138.314  358.236    0.979 
1986  1 1 0 0 0  239.067  358.739    0.970 
1987  1 1 0 0 0  339.820  359.388    0.965 
1988  1 1 0 0 0   80.573    0.107    0.963 
1989  1 1 0 0 0  156.944    0.815    0.966 
1990  1 1 0 0 0  257.697    1.428    0.972 
1991  1 1 0 0 0  358.450    1.876    0.982 
1992  1 1 0 0 0   99.203    2.110    0.994 
1993  1 1 0 0 0  175.574    2.104    1.006 
1994  1 1 0 0 0  276.327    1.863    1.018 
1995  1 1 0 0 0   17.080    1.414    1.028 
1996  1 1 0 0 0  117.833    0.809    1.035 
1997  1 1 0 0 0  194.204    0.113    1.038 
1998  1 1 0 0 0  294.957  359.406    1.036 
1999  1 1 0 0 0   35.710  358.765    1.031 
2000  1 1 0 0 0  136.463  358.260    1.022 
2001  1 1 0 0 0  212.835  357.947    1.010 
2002  1 1 0 0 0  313.587  357.865    0.998 
2003  1 1 0 0 0   54.340  358.025    0.986 
2004  1 1 0 0 0  155.093  358.409    0.975 
2005  1 1 0 0 0  231.465  358.978    0.968 
2006  1 1 0 0 0  332.218  359.663    0.964 
2007  1 1 0 0 0   72.970    0.387    0.964 
2008  1 1 0 0 0  173.723    1.067    0.968 
2009  1 1 0 0 0  250.095    1.624    0.976 
2010  1 1 0 0 0  350.848    1.994    0.986 
2011  1 1 0 0 0   91.601    2.137    0.999 
2012  1 1 0 0 0  192.354    2.038    1.011 
2013  1 1 0 0 0  268.725    1.711    1.022 
2014  1 1 0 0 0    9.478    1.194    1.031 
2015  1 1 0 0 0  110.231    0.546    1.037 
2016  1 1 0 0 0  210.984  359.838    1.038 
2017  1 1 0 0 0  287.355  359.145    1.035 
2018  1 1 0 0 0   28.108  358.549    1.028 
2019  1 1 0 0 0  128.861  358.113    1.018 
2020  1 1 0 0 0  229.614  357.887    1.006 
2021  1 1 0 0 0  305.985  357.899    0.993 
2022  1 1 0 0 0   46.738  358.149    0.981 
2023  1 1 0 0 0  147.491  358.610    0.972 
2024  1 1 0 0 0  248.244  359.232    0.966 
2025  1 1 0 0 0  324.615  359.944    0.963 
2026  1 1 0 0 0   65.368    0.661    0.965 
2027  1 1 0 0 0  166.121    1.301    0.971 
2028  1 1 0 0 0  266.874    1.792    0.980 
2029  1 1 0 0 0  343.246    2.078    0.991 
2030  1 1 0 0 0   83.999    2.127    1.004 
2031  1 1 0 0 0  184.751    1.937    1.016 
2032  1 1 0 0 0  285.504    1.531    1.026 
2033  1 1 0 0 0    1.876    0.955    1.034 
2034  1 1 0 0 0  102.629    0.274    1.038 
2035  1 1 0 0 0  203.382  359.563    1.037 
2036  1 1 0 0 0  304.134  358.901    1.032 
2037  1 1 0 0 0   20.506  358.358    1.024 
2038  1 1 0 0 0  121.259  357.999    1.013 
2039  1 1 0 0 0  222.012  357.863    1.001 
2040  1 1 0 0 0  322.765  357.968    0.988 
2041  1 1 0 0 0   39.136  358.305    0.977 
2042  1 1 0 0 0  139.889  358.836    0.969 
2043  1 1 0 0 0  240.642  359.501    0.964 
2044  1 1 0 0 0  341.395    0.224    0.963 
2045  1 1 0 0 0   57.766    0.923    0.967 
2046  1 1 0 0 0  158.519    1.513    0.974 
2047  1 1 0 0 0  259.272    1.929    0.984 
2048  1 1 0 0 0    0.025    2.125    0.996 
2049  1 1 0 0 0   76.396    2.081    1.008 
2050  1 1 0 0 0  177.149    1.803    1.020 
2051  1 1 0 0 0  277.902    1.325    1.030 
2052  1 1 0 0 0   18.655    0.701    1.036 
2053  1 1 0 0 0   95.027  359.997    1.038 
2054  1 1 0 0 0  195.779  359.296    1.036 
2055  1 1 0 0 0  296.532  358.672    1.029 
2056  1 1 0 0 0   37.285  358.195    1.020 
2057  1 1 0 0 0  113.657  357.918    1.008 
2058  1 1 0 0 0  214.410  357.875    0.996 
2059  1 1 0 0 0  315.162  358.072    0.984 
2060  1 1 0 0 0   55.915  358.490    0.974 
2061  1 1 0 0 0  132.287  359.082    0.967 
2062  1 1 0 0 0  233.040  359.779    0.963 
2063  1 1 0 0 0  333.793    0.502    0.964 
2064  1 1 0 0 0   74.546    1.167    0.969 
2065  1 1 0 0 0  150.917    1.698    0.977 
2066  1 1 0 0 0  251.670    2.033    0.988 
2067  1 1 0 0 0  352.423    2.137    1.001 
2068  1 1 0 0 0   93.176    2.000    1.013 
2069  1 1 0 0 0  169.547    1.639    1.024 
2070  1 1 0 0 0  270.300    1.097    1.032 
2071  1 1 0 0 0   11.053    0.434    1.037 
2072  1 1 0 0 0  111.806  359.723    1.038 
2073  1 1 0 0 0  188.177  359.041    1.034 
2074  1 1 0 0 0  288.930  358.466    1.026 
2075  1 1 0 0 0   29.683  358.062    1.016 
2076  1 1 0 0 0  130.436  357.873    1.004 
2077  1 1 0 0 0  206.807  357.924    0.991 
2078  1 1 0 0 0  307.560  358.210    0.980 
2079  1 1 0 0 0   48.313  358.701    0.971 
2080  1 1 0 0 0  149.066  359.342    0.965 
2081  1 1 0 0 0  225.438    0.061    0.963 
2082  1 1 0 0 0  326.191    0.771    0.966 
2083  1 1 0 0 0   66.943    1.392    0.972 
2084  1 1 0 0 0  167.696    1.853    0.981 
2085  1 1 0 0 0  244.068    2.102    0.993 
2086  1 1 0 0 0  344.821    2.112    1.006 
2087  1 1 0 0 0   85.574    1.885    1.018 
2088  1 1 0 0 0  186.326    1.449    1.028 
2089  1 1 0 0 0  262.698    0.850    1.035 
2090  1 1 0 0 0    3.451    0.159    1.038 
2091  1 1 0 0 0  104.204  359.451    1.037 
2092  1 1 0 0 0  204.957  358.803    1.031 
2093  1 1 0 0 0  281.328  358.286    1.022 
2094  1 1 0 0 0   22.081  357.961    1.011 
2095  1 1 0 0 0  122.834  357.863    0.999 
2096  1 1 0 0 0  223.587  358.007    0.986 
2097  1 1 0 0 0  299.958  358.379    0.976 
2098  1 1 0 0 0   40.711  358.936    0.968 
2099  1 1 0 0 0  141.464  359.616    0.964 
2100  1 1 0 0 0  242.217    0.340    0.964 
